2.602895736694335938e+01
5.422568321228027344e+00
1.088359222412109375e+02
7.427772521972656250e+00
1.015967178344726562e+01
1.090651631355285645e+00
1.720078430175781250e+02
5.226862430572509766e+00
4.986691474914550781e+00
1.454527378082275391e+00
9.505398869514465332e-01
2.807344198226928711e+00
3.837887525558471680e+00
9.223643493652343750e+01
3.807627677917480469e+00
1.493091464042663574e+00
2.873424530029296875e+00
1.732748746871948242e+00
4.537340402603149414e-01
3.181242465972900391e+00
2.091272830963134766e+00
9.047154188156127930e-01
1.941308528184890747e-01
4.662812352180480957e-01
2.361716181039810181e-01
6.083599567413330078e+00
5.953637361526489258e-01
3.679116725921630859e+00
9.178206920623779297e-01
3.626117944717407227e+00
3.473431587219238281e+00
4.291186809539794922e+00
1.806953549385070801e-01
1.901028156280517578e+00
8.406287431716918945e-01
2.964252662658691406e+01
1.099708633422851562e+02
4.187000751495361328e+00
9.072852730751037598e-01
3.730509996414184570e+00
4.489138183593750000e+02
3.740845203399658203e+00
1.446168060302734375e+02
1.570030331611633301e+00
1.709759330749511719e+01
3.583230733871459961e+00
9.593097567558288574e-01
5.302017688751220703e+00
6.214506149291992188e+00
4.263532638549804688e+00
1.642785668373107910e-01
3.253367185592651367e+00
1.665001273155212402e+00
3.398085236549377441e-01
1.619686007499694824e+00
1.960408240556716919e-01
1.120555648803710938e+02
6.194666137695312500e+02
4.465867578983306885e-01
7.375155925750732422e+00
3.697642982006072998e-01
1.185061186552047729e-01
2.640938758850097656e+00
2.549925804138183594e+01
9.015670418739318848e-01
1.609760373830795288e-01
5.564126968383789062e+01
2.220894813537597656e+00
8.274112343788146973e-01
4.931910037994384766e-01
2.122665252685546875e+02
2.302252054214477539e+00
5.068375110626220703e+00
1.145463848114013672e+01
6.231518983840942383e-01
9.725546240806579590e-01
2.787723243236541748e-01
1.237171888351440430e+00
9.354737401008605957e-01
1.239945030212402344e+01
9.203733801841735840e-01
2.459931224584579468e-01
2.023199920654296875e+02
8.041094779968261719e+00
2.889454662799835205e-01
7.381553649902343750e-01
3.844098281860351562e+01
9.712390303611755371e-01
4.643779373168945312e+01
3.732314407825469971e-01
1.204633638262748718e-01
1.483834533691406250e+02
4.827000200748443604e-01
1.998929738998413086e+00
7.660846233367919922e+00
1.449626982212066650e-01
1.812097668647766113e+00
1.846832275390625000e+00
6.157773971557617188e+00
1.793821454048156738e-01
2.792828977108001709e-01
2.426695972681045532e-01
8.925993442535400391e-01
4.545151293277740479e-01
2.529568225145339966e-02
8.956187963485717773e-02
5.637587979435920715e-02
2.016407400369644165e-01
1.093480810523033142e-01
1.231951192021369934e-01
1.644171588122844696e-02
5.290696769952774048e-02
1.867765001952648163e-02
4.711787104606628418e-01
2.630034387111663818e-01
9.690278768539428711e-01
7.023248291015625000e+02
4.457519650459289551e-01
1.325044631958007812e-01
4.469757154583930969e-02
7.858848571777343750e-02
5.356898158788681030e-02
7.576639556884765625e+01
1.607746444642543793e-02
4.204715881347656250e+02
1.489125192165374756e-02
4.260343685746192932e-02
6.713714450597763062e-02
1.454995155334472656e+01
1.016072332859039307e-01
6.928388029336929321e-02
8.156153564453125000e+02
2.688950859010219574e-02
5.947482585906982422e-02
1.273468583822250366e-01
3.067972697317600250e-02
1.884204673767089844e+01
8.843670785427093506e-02
2.198084741830825806e-01
1.665012389421463013e-01
2.608495391905307770e-02
1.585016846656799316e-01
3.394379615783691406e-01
1.315444558858871460e-01
2.934906631708145142e-02
3.356513381004333496e-01
3.783185407519340515e-02
3.243055194616317749e-02
8.841503295898437500e+02
1.412039250135421753e-01
5.459064006805419922e+00
1.319258213043212891e+00
5.151104554533958435e-02
8.119147270917892456e-02
6.234568357467651367e-01
1.347549259662628174e-01
3.948156833648681641e-01
1.458171010017395020e-01
2.442465573549270630e-01
6.159296989440917969e+00
6.490944325923919678e-02
2.950012087821960449e-01
2.416852116584777832e-01
1.441544055938720703e+00
9.945548325777053833e-02
2.584415487945079803e-02
1.789901778101921082e-02
8.130323141813278198e-02
5.291810259222984314e-02
6.212338060140609741e-02
4.365596547722816467e-02
2.861431054770946503e-02
2.080501757812500000e+04
1.033438920974731445e+00
1.802092045545578003e-02
1.633912324905395508e-01
5.003543943166732788e-02
3.833415731787681580e-02
1.127218750000000000e+03
2.238615006208419800e-01
7.005876861512660980e-03
1.330450642853975296e-02
7.151007652282714844e-01
4.147139191627502441e-01
1.570633798837661743e-02
4.997068643569946289e-02
2.241805076599121094e+00
1.112585738301277161e-01
1.025523170828819275e-01
1.356882303953170776e-01
4.260637238621711731e-02
2.312366366386413574e-01
5.089253187179565430e-01
1.189290732145309448e-01
2.421159483492374420e-02
6.122694164514541626e-02
4.080436751246452332e-02
5.676185712218284607e-02
1.590114086866378784e-01
1.806718669831752777e-02
5.462535470724105835e-02
1.605141535401344299e-02
2.992021106183528900e-02
8.772236295044422150e-03
5.698416754603385925e-02
1.391907967627048492e-02
4.649567231535911560e-02
1.477565430104732513e-02
6.697030365467071533e-02
1.654713414609432220e-02
1.935142837464809418e-02
2.272512950003147125e-02
7.962530851364135742e-02
3.915272521972656250e+02
3.835002705454826355e-02
2.006516046822071075e-02
4.369485657662153244e-03
7.568925619125366211e-03
1.912372931838035583e-02
1.269366405904293060e-02
3.519407287240028381e-02
4.928432404994964600e-03
5.717022344470024109e-02
1.205699145793914795e-01
1.676528751850128174e-01
1.272497978061437607e-02
2.686174213886260986e-02
3.007436729967594147e-02
8.927063643932342529e-02
5.617387965321540833e-02
4.603063687682151794e-02
2.924235910177230835e-02
1.576099358499050140e-02
8.334012702107429504e-03
4.502786789089441299e-03
2.108874730765819550e-02
1.350957248359918594e-02
1.321715116500854492e-02
5.277342628687620163e-03
6.035030353814363480e-03
1.049233153462409973e-01
2.182554826140403748e-02
1.648818328976631165e-02
1.512003839015960693e-01
4.109576717019081116e-02
2.454726025462150574e-02
6.844409275799989700e-03
2.239260450005531311e-02
2.523921988904476166e-02
7.699131965637207031e-02
1.914454549551010132e-01
1.263481471687555313e-02
1.192615106701850891e-01
2.384725585579872131e-02
4.329937975853681564e-03
5.412759725004434586e-03
1.799147762358188629e-02
6.858317553997039795e-02
7.444914430379867554e-03
8.238317072391510010e-02
3.100105933845043182e-02
3.985084127634763718e-03
9.541609138250350952e-02
8.762625604867935181e-02
9.872248396277427673e-03
1.120942365378141403e-02
1.571929268538951874e-02
1.956300064921379089e-02
3.373170271515846252e-02
9.592372924089431763e-03
1.244036108255386353e-02
5.895605310797691345e-03
6.869558244943618774e-03
1.083661150187253952e-02
5.800504703074693680e-03
8.046326227486133575e-03
1.566324941813945770e-02
8.580521680414676666e-03
4.099205881357192993e-02
4.712974186986684799e-03
4.623672459274530411e-03
2.461832016706466675e-02
1.006251759827136993e-02
1.294589877128601074e+00
1.642106100916862488e-02
8.516730740666389465e-03
1.064017973840236664e-02
1.002242043614387512e-02
1.819483377039432526e-02
3.405931591987609863e-02
5.454339087009429932e-03
3.602366638183593750e+01
1.497156638652086258e-02
6.167571060359477997e-03
2.313838526606559753e-02
1.743223331868648529e-02
5.242098495364189148e-02
1.487167831510305405e-02
6.222939118742942810e-03
3.791176714003086090e-03
1.096003688871860504e-02
1.160441432148218155e-02
2.978127077221870422e-02
7.839780300855636597e-03
1.492956653237342834e-02
4.342199116945266724e-02
6.599933840334415436e-03
5.603868979960680008e-03
2.469994127750396729e-03
2.652392024174332619e-03
7.638946175575256348e-03
3.439190983772277832e-02
7.575493771582841873e-03
6.138547323644161224e-03
1.209475286304950714e-02
6.850234698504209518e-03
7.105785156250000000e+04
5.192072689533233643e-02
6.168915890157222748e-03
7.248302921652793884e-03
2.753588929772377014e-02
5.913258343935012817e-02
1.589100360870361328e-01
2.302642539143562317e-02
4.745023325085639954e-03
3.154130935668945312e+00
1.009360700845718384e-02
4.360331222414970398e-03
4.646041430532932281e-03
6.142642349004745483e-03
8.269322104752063751e-03
2.383291162550449371e-02
4.568857140839099884e-03
3.730520373210310936e-03
8.932307362556457520e-02
2.145492658019065857e-02
3.384791780263185501e-03
8.521809242665767670e-03
1.010650303214788437e-02
1.584923453629016876e-02
3.170513547956943512e-03
4.011006560176610947e-03
1.682904921472072601e-02
1.715014874935150146e-02
1.310025155544281006e-02
6.833210587501525879e-03
4.719771910458803177e-03
5.612527485936880112e-03
1.550385262817144394e-02
1.018203329294919968e-02
1.996822357177734375e+01
2.753004990518093109e-02
6.694045383483171463e-03
1.131125390529632568e-01
2.446282468736171722e-02
1.458366168662905693e-03
4.955361597239971161e-03
1.171028614044189453e-02
6.657722871750593185e-03
4.138405900448560715e-03
4.288837779313325882e-03
5.884588230401277542e-03
5.417689215391874313e-03
8.020005188882350922e-03
7.367825135588645935e-03
4.426386207342147827e-03
3.553879261016845703e-02
5.626197904348373413e-03
2.450764179229736328e-03
3.677094820886850357e-03
4.605200141668319702e-03
5.014252848923206329e-03
2.236215630546212196e-03
3.961821086704730988e-03
2.840578742325305939e-02
6.158062500000000000e+04
3.964239731431007385e-03
3.098222892731428146e-03
1.005412451922893524e-02
3.442822024226188660e-03
9.454230219125747681e-02
2.200726233422756195e-02
4.241439979523420334e-03
7.625348400324583054e-03
1.063571590930223465e-02
8.215506561100482941e-03
3.115161955356597900e-01
2.943037450313568115e-01
1.050000476837158203e+01
1.175823658704757690e-01
1.557201594114303589e-01
7.152514159679412842e-02
1.430022418498992920e-01
2.363358438014984131e-02
4.143983870744705200e-02
2.093441598117351532e-02
1.779532246291637421e-02
8.204600830078125000e+02
1.951452530920505524e-02
1.631089858710765839e-02
9.478054009377956390e-03
1.235640514642000198e-02
1.113925594836473465e-02
1.477259304374456406e-02
1.688358560204505920e-02
1.635277271270751953e-02
9.252496063709259033e-03
3.818447515368461609e-02
7.337226998060941696e-03
1.420868281275033951e-02
6.604184862226247787e-03
1.368826068937778473e-02
1.386542618274688721e-02
4.868135601282119751e-02
3.004664778709411621e-01
2.875129925087094307e-03
1.218380965292453766e-02
9.169513359665870667e-03
1.292629819363355637e-02
2.485884428024291992e-01
6.395389791578054428e-03
6.146426778286695480e-03
9.486066177487373352e-03
7.326289176940917969e+00
2.921195700764656067e-03
1.735977083444595337e-02
5.966873373836278915e-03
4.374496638774871826e-03
2.103329403325915337e-03
4.608231596648693085e-03
8.648971095681190491e-03
5.025740712881088257e-03
4.307338502258062363e-03
8.551799505949020386e-02
4.310934804379940033e-03
1.207249239087104797e-03
3.103352151811122894e-03
3.562443424016237259e-03
7.779563311487436295e-03
8.199061267077922821e-03
2.916048979386687279e-03
5.822734441608190536e-03
2.890469506382942200e-03
1.755959470756351948e-03
3.433868056163191795e-03
2.651566639542579651e-03
1.179897117614746094e+01
2.454588189721107483e-03
5.507668945938348770e-03
3.453243756666779518e-03
1.950439298525452614e-03
5.422877613455057144e-03
3.664600197225809097e-03
1.537593547254800797e-03
3.731903457641601562e+01
2.884921384975314140e-03
1.935687614604830742e-03
1.290269894525408745e-03
5.086711607873439789e-03
3.509833710268139839e-03
6.176368799060583115e-03
1.451159478165209293e-03
4.429960623383522034e-03
2.788871526718139648e-02
9.771374054253101349e-03
1.797013566829264164e-03
2.360932528972625732e-03
2.870068550109863281e+00
3.121902700513601303e-03
1.791343092918395996e-02
1.313929446041584015e-02
3.338064299896359444e-03
7.068219128996133804e-04
1.906886696815490723e-03
9.853487834334373474e-03
1.717658946290612221e-03
3.884727368131279945e-03
2.041572472080588341e-03
1.954798819497227669e-03
7.996839121915400028e-04
2.300868742167949677e-03
2.510246820747852325e-03
2.224083757027983665e-03
3.619755152612924576e-03
2.821956528350710869e-03
1.134962122887372971e-02
9.868371300399303436e-03
7.344323210418224335e-03
5.799889564514160156e-03
3.912428393959999084e-03
3.437273669987916946e-03
2.751339226961135864e-03
2.586107002571225166e-03
5.690545774996280670e-03
1.278818701393902302e-03
2.263528853654861450e-02
2.081105019897222519e-03
1.376770157366991043e-02
1.282821642234921455e-03
2.120876917615532875e-03
4.312997656250000000e+04
7.772752083837985992e-03
7.746946066617965698e-03
4.293320234864950180e-04
1.821992569603025913e-03
1.969145378097891808e-03
3.815710172057151794e-02
5.998951848596334457e-03
2.471744781360030174e-03
1.726006623357534409e-03
2.562089124694466591e-03
1.789063913747668266e-03
9.363637655042111874e-04
1.629841048270463943e-03
3.766603535041213036e-03
1.550084562040865421e-03
3.192274132743477821e-03
1.799707883037626743e-03
4.506307654082775116e-03
1.872493536211550236e-03
6.496272981166839600e-03
3.659026464447379112e-03
3.115195315331220627e-03
1.698415144346654415e-03
1.733424258418381214e-03
1.236341660842299461e-03
1.331663341261446476e-03
9.264403488487005234e-04
3.077687229961156845e-03
1.982714980840682983e-03
4.999446682631969452e-03
2.649420639500021935e-03
9.222398512065410614e-04
1.997137675061821938e-03
3.245608881115913391e-03
1.290185609832406044e-03
3.277582116425037384e-03
1.638166490010917187e-03
3.523799125105142593e-03
3.494437783956527710e-03
1.180940307676792145e-03
7.542999926954507828e-03
2.173578832298517227e-03
3.787518013268709183e-03
1.065634097903966904e-02
1.363241812214255333e-03
3.810430644080042839e-03
7.260494166985154152e-04
1.825546030886471272e-03
5.526172462850809097e-03
1.439413405023515224e-03
1.206066808663308620e-03
2.026155218482017517e-02
3.452499862760305405e-03
1.526956446468830109e-03
3.811411093920469284e-03
2.714152215048670769e-03
2.668167464435100555e-03
2.892170101404190063e-03
1.321816467680037022e-03
2.132796682417392731e-03
3.918868023902177811e-03
4.575388971716165543e-03
2.306284382939338684e-03
5.234482232481241226e-03
1.084655857086181641e+01
6.850197678431868553e-04
3.455847268924117088e-03
3.702155547216534615e-03
1.238156080245971680e+00
2.155657653808593750e+02
3.712215460836887360e-03
2.615364734083414078e-03
1.929489080794155598e-03
1.535204122774302959e-03
6.527497433125972748e-03
1.664663199335336685e-03
1.350796199403703213e-03
1.771417679265141487e-03
1.729815965518355370e-03
5.032532382756471634e-03
4.948833491653203964e-03
8.200679440051317215e-04
3.461692016571760178e-03
7.686961907893419266e-04
2.954627620056271553e-03
1.702357083559036255e-03
3.313935827463865280e-03
2.392501337453722954e-03
1.331274979747831821e-03
2.276004757732152939e-03
3.980710636824369431e-03
2.751176245510578156e-03
5.019854754209518433e-03
9.396309033036231995e-03
1.632134895771741867e-03
1.968958182260394096e-03
2.324945526197552681e-03
3.369008656591176987e-03
2.673124196007847786e-03
3.458076855167746544e-03
5.126522388309240341e-03
1.944025163538753986e-03
2.619932405650615692e-03
1.024004770442843437e-03
1.932363724336028099e-03
8.916668011806905270e-04
1.566057559102773666e-03
4.925492685288190842e-04
1.138870371505618095e-03
5.502380663529038429e-04
3.763286164030432701e-03
5.879094824194908142e-03
2.183984499424695969e-03
6.594976037740707397e-02
1.389742363244295120e-03
4.030148964375257492e-03
2.161085838451981544e-03
6.394946016371250153e-03
3.281547222286462784e-03
1.611892832443118095e-03
3.168082982301712036e-02
1.038312679156661034e-03
2.990952460095286369e-03
1.085239578969776630e-03
5.084572825580835342e-03
1.344364369288086891e-03
1.940449816174805164e-03
2.053657546639442444e-03
2.630810253322124481e-03
4.953433759510517120e-03
2.231440972536802292e-03
1.136506674811244011e-03
6.017169798724353313e-04
2.163346158340573311e-03
1.244657323695719242e-03
1.407160190865397453e-03
2.203742787241935730e-02
8.202242897823452950e-04
4.352558404207229614e-03
6.660288781858980656e-04
9.302105754613876343e-04
1.680927351117134094e-03
2.851800760254263878e-03
1.745740417391061783e-03
2.730501117184758186e-03
2.386223673820495605e-01
1.948889694176614285e-03
5.601272918283939362e-03
1.462935120798647404e-03
7.996895583346486092e-04
1.860622549429535866e-03
1.365979784168303013e-03
8.200785377994179726e-04
2.216998487710952759e-03
1.505230437032878399e-03
3.158068051561713219e-03
9.917657589539885521e-04
1.253177062608301640e-03
1.517344149760901928e-03
1.518145203590393066e-03
1.150013995356857777e-03
1.412692829035222530e-03
1.459690509364008904e-03
1.911464845761656761e-03
5.582178011536598206e-03
2.194040222093462944e-03
2.105663763359189034e-03
2.369507215917110443e-03
1.398010994307696819e-03
1.218217657878994942e-03
1.317920745350420475e-03
3.547136206179857254e-03
8.771939203143119812e-03
1.878501148894429207e-03
5.876318318769335747e-04
3.014724701642990112e-03
1.370831876993179321e-01
7.492640055716037750e-03
1.600639894604682922e-03
2.637295983731746674e-03
1.764859887771308422e-03
2.064499538391828537e-03
9.296176023781299591e-03
7.257893215864896774e-03
1.817106851376593113e-03
1.926719211041927338e-03
1.436630729585886002e-03
1.778482925146818161e-03
1.604928518645465374e-03
7.471041753888130188e-04
1.092468854039907455e-03
1.603195443749427795e-03
9.596512652933597565e-03
1.302189193665981293e-03
3.243747167289257050e-03
2.175106201320886612e-03
3.884893085341900587e-04
2.214070409536361694e-03
2.104792278259992599e-03
1.942977425642311573e-03
1.566800638101994991e-03
2.844251226633787155e-03
7.326621562242507935e-04
9.575228323228657246e-04
1.981270499527454376e-03
3.002232639119029045e-03
7.425080984830856323e-04
7.904203957878053188e-04
1.593709690496325493e-03
1.988596981391310692e-03
4.220025613903999329e-03
3.268090309575200081e-03
1.042134012095630169e-03
6.371873896569013596e-04
2.315213903784751892e-03
6.405122112482786179e-04
4.758931696414947510e-03
3.161487169563770294e-03
2.659401623532176018e-03
4.005751106888055801e-03
1.345760887488722801e-03
6.508159567601978779e-04
9.454196551814675331e-04
1.869964879006147385e-03
4.650106653571128845e-03
1.441349624656140804e-03
1.331862062215805054e-03
1.311089145019650459e-03
4.778258968144655228e-03
2.520010806620121002e-03
1.081176102161407471e-03
1.444462570361793041e-03
1.750881318002939224e-03
8.824820630252361298e-03
1.088703703135251999e-02
3.265878651291131973e-03
3.183913417160511017e-03
1.797696342691779137e-03
1.235059695318341255e-03
6.814583903178572655e-04
2.296936698257923126e-03
1.831741072237491608e-03
1.806401764042675495e-03
1.585440710186958313e-03
1.538315438665449619e-03
1.376366009935736656e-03
1.273559872061014175e-03
8.359428029507398605e-04
9.189359261654317379e-04
5.711406935006380081e-03
1.374260755255818367e-03
2.898197853937745094e-03
7.490382995456457138e-04
3.735046368092298508e-03
1.679427106864750385e-03
9.063370525836944580e-03
1.247307402081787586e-03
2.492128172889351845e-03
4.153257468715310097e-04
2.012442797422409058e-02
2.807039767503738403e-03
2.729787258431315422e-03
7.106480770744383335e-04
2.251967089250683784e-03
3.358188259880989790e-04
4.831870552152395248e-03
1.794072799384593964e-03
3.070034319534897804e-03
1.699311891570687294e-03
1.186045585200190544e-03
4.072249575983732939e-04
2.043868182227015495e-03
2.701048273593187332e-03
2.820092719048261642e-03
1.752156647853553295e-03
6.375942844897508621e-03
1.005362952128052711e-03
1.305567217059433460e-03
3.221509745344519615e-03
4.836129955947399139e-04
3.485335502773523331e-03
1.618151203729212284e-03
1.686985138803720474e-03
3.658917034044861794e-03
2.089672489091753960e-03
3.055351553484797478e-03
2.371049486100673676e-03
2.496792003512382507e-03
2.203250536695122719e-03
1.672472688369452953e-03
1.007307088002562523e-03
4.163276869803667068e-03
1.618265872821211815e-03
1.272764739990234375e+02
3.494984935969114304e-03
1.060277107171714306e-03
2.042148960754275322e-03
3.596334718167781830e-03
2.283171517774462700e-03
5.353071726858615875e-03
1.546812942251563072e-03
1.895343186333775520e-03
1.130340504460036755e-03
1.969477720558643341e-02
2.010594354942440987e-03
2.528070705011487007e-03
2.118941629305481911e-03
4.174624104052782059e-03
1.817423617467284203e-03
2.227812772616744041e-03
6.487949285656213760e-04
1.408178126439452171e-03
1.729750423692166805e-03
2.748236525803804398e-03
2.425258746370673180e-03
7.574151386506855488e-04
6.825957680121064186e-04
7.656413945369422436e-04
2.667962573468685150e-03
2.454880159348249435e-03
6.520477472804486752e-04
5.240319878794252872e-04
9.692922830581665039e-01
1.331350882537662983e-03
1.333484426140785217e-03
1.197611214593052864e-03
1.796015421859920025e-03
5.138462875038385391e-03
2.951484872028231621e-03
1.301607699133455753e-03
6.288663134910166264e-04
1.817274023778736591e-03
2.505380660295486450e-03
2.914655022323131561e-03
1.116716070100665092e-03
3.538175951689481735e-03
4.177077207714319229e-03
9.956526570022106171e-03
6.042527966201305389e-04
1.897614798508584499e-03
3.022163873538374901e-03
1.651099766604602337e-03
1.554625225253403187e-03
2.055787714198231697e-03
8.017901564016938210e-04
1.284125144593417645e-03
1.697774161584675312e-03
1.435840153135359287e-03
1.556953880935907364e-03
7.217596285045146942e-03
7.028792053461074829e-03
1.717515755444765091e-03
8.057402446866035461e-04
3.287134277343750000e+03
1.683032605797052383e-03
2.170441905036568642e-03
1.687565702013671398e-03
1.987156691029667854e-03
3.001383272930979729e-03
1.980175497010350227e-03
1.821292913518846035e-03
4.156323149800300598e-03
1.772994291968643665e-03
1.462082029320299625e-03
3.778595244511961937e-03
9.194369195029139519e-04
4.026950336992740631e-04
1.312769670039415359e-02
3.548631211742758751e-03
8.759315824136137962e-04
9.747390868142247200e-04
1.330643077380955219e-03
1.107915770262479782e-03
3.788028610870242119e-03
2.978835953399538994e-03
7.080910261720418930e-03
1.987633062526583672e-03
9.097183356061577797e-04
1.236894750036299229e-03
8.485403959639370441e-04
1.692358986474573612e-03
7.964614196680486202e-04
1.664159703068435192e-03
1.347244600765407085e-03
2.265292452648282051e-03
1.582202152349054813e-03
1.670760684646666050e-03
2.349901245906949043e-03
3.605490084737539291e-03
2.204657997936010361e-03
2.074422314763069153e-03
7.492933073081076145e-04
1.689780387096107006e-03
2.898527309298515320e-03
1.725426991470158100e-03
3.459862433373928070e-03
1.650007790885865688e-03
1.000011339783668518e-03
3.669238649308681488e-03
1.316193374805152416e-03
1.772563322447240353e-03
2.913043135777115822e-03
7.956211455166339874e-03
5.251555237919092178e-03
4.781665746122598648e-03
1.461256295442581177e-03
3.649207530543208122e-03
1.821040990762412548e-03
7.094976026564836502e-03
1.645367243327200413e-03
9.926056955009698868e-04
2.049526432529091835e-03
1.014344673603773117e-02
7.615220965817570686e-04
3.597948816604912281e-04
3.188976319506764412e-03
1.528553199023008347e-03
2.521556336432695389e-03
2.221327740699052811e-03
1.629703328944742680e-03
1.188555615954101086e-03
1.325899735093116760e-03
1.810676068998873234e-03
1.891954569146037102e-03
3.625618061050772667e-03
4.503460950218141079e-04
1.168396556749939919e-03
2.018277999013662338e-03
6.659901118837296963e-04
1.654486288316547871e-03
2.468510763719677925e-03
2.820549067109823227e-03
5.416686180979013443e-03
1.502837752923369408e-03
5.025823484174907207e-04
7.619281532242894173e-04
1.619586138986051083e-03
2.897243713960051537e-03
9.237756603397428989e-04
2.962323371320962906e-03
2.336069010198116302e-03
1.395053695887327194e-03
3.388785989955067635e-03
3.536560107022523880e-03
2.426185877993702888e-03
3.066486679017543793e-03
2.554974285885691643e-03
7.699906127527356148e-04
2.997584640979766846e-03
1.106952782720327377e-03
3.261993406340479851e-03
6.108962697908282280e-04
1.604496268555521965e-03
1.008037244901061058e-03
1.174605917185544968e-03
8.208584971725940704e-03
9.217704646289348602e-04
9.014504612423479557e-04
6.594008882530033588e-04
1.219562487676739693e-03
8.442748803645372391e-04
3.690812038257718086e-03
1.210465910844504833e-03
9.542516199871897697e-04
2.149454085156321526e-03
1.876216381788253784e-03
1.900472794659435749e-03
2.928627654910087585e-03
2.708019688725471497e-03
4.760269948747009039e-04
1.886891084723174572e-03
1.436847378499805927e-03
1.388597534969449043e-03
1.136312028393149376e-03
9.553909767419099808e-04
3.391193924471735954e-03
3.823780920356512070e-03
9.992725681513547897e-04
1.142831635661423206e-03
2.418422605842351913e-03
1.323321950621902943e-03
2.430529100820422173e-03
1.298955525271594524e-03
1.171724870800971985e-03
1.711763674393296242e-03
2.138129202648997307e-03
3.949008882045745850e-03
5.898742238059639931e-04
6.628102855756878853e-04
3.497397410683333874e-04
2.824528375640511513e-03
1.251369016245007515e-03
1.944413641467690468e-03
5.534087773412466049e-03
4.954418400302529335e-04
1.235315459780395031e-03
1.407980802468955517e-03
1.561734243296086788e-03
1.277562812902033329e-03
