4.571057128906250000e+01
3.249586105346679688e+01
2.350567817687988281e+01
8.258583068847656250e+00
6.907865524291992188e+00
5.537659168243408203e+00
2.385008621215820312e+01
1.126154232025146484e+01
3.698594331741333008e+00
6.474040031433105469e+00
4.739353179931640625e+00
1.277581977844238281e+01
8.957673072814941406e+00
7.553457021713256836e-01
2.466615915298461914e+00
1.584134846925735474e-01
2.014958858489990234e+00
3.490453004837036133e+00
1.149648666381835938e+00
2.072690010070800781e+00
1.491093635559082031e+00
4.069381237030029297e+00
9.438512846827507019e-03
1.693944692611694336e+00
1.426619011908769608e-02
1.531552314758300781e+01
1.183822005987167358e-02
5.665286257863044739e-02
1.586234569549560547e+00
8.361107110977172852e-01
1.784904152154922485e-01
2.453683018684387207e-01
4.478812590241432190e-02
2.169243805110454559e-02
1.822332888841629028e-01
2.187600612640380859e+00
5.885557830333709717e-02
3.275162354111671448e-02
1.287207305431365967e-01
3.490596264600753784e-02
9.955340996384620667e-03
2.964828908443450928e-02
1.478587508201599121e+00
3.249399566650390625e+01
2.040977627038955688e-01
6.227020621299743652e-01
6.374779343605041504e-02
4.956156909465789795e-01
3.372643142938613892e-02
1.520930975675582886e-01
3.516012132167816162e-01
3.342227697372436523e+00
9.892644360661506653e-03
2.380566745996475220e-01
5.005760490894317627e-02
1.586313605308532715e+00
3.762859344482421875e+00
8.814565837383270264e-03
1.900174766778945923e-01
9.473277628421783447e-02
4.055844619870185852e-03
3.579792007803916931e-02
1.198486238718032837e-01
9.158840775489807129e-02
1.073153838515281677e-01
9.638980031013488770e-03
7.907228171825408936e-02
8.273235559463500977e-01
3.251497400924563408e-03
8.355998396873474121e-01
5.933975800871849060e-03
3.962066024541854858e-02
2.738824672996997833e-02
1.348427891731262207e+00
5.135931968688964844e-01
9.030874967575073242e-01
9.459490180015563965e-01
7.696122527122497559e-01
5.888685584068298340e-02
2.585961110889911652e-02
3.837565332651138306e-02
2.144771367311477661e-01
4.578923434019088745e-02
5.139938831329345703e+00
1.689846813678741455e-01
5.134509503841400146e-02
1.119526267051696777e+00
4.771258234977722168e-01
5.125957131385803223e-01
6.747483611106872559e-01
6.101216673851013184e-01
6.124457120895385742e-01
6.513764262199401855e-01
2.898724749684333801e-02
6.866842508316040039e-02
6.366136670112609863e-01
6.747776865959167480e-01
1.125964708626270294e-02
8.960650563240051270e-01
3.285212218761444092e-01
7.290965318679809570e-01
6.062344647943973541e-03
1.518850177526473999e-01
9.558517485857009888e-02
1.591676950454711914e+00
1.146059274673461914e+00
5.272225290536880493e-02
1.392241239547729492e+00
8.015153408050537109e-01
3.285008966922760010e-01
6.035944223403930664e-01
4.072514176368713379e-01
5.223734378814697266e-01
6.542769074440002441e-01
5.453395247459411621e-01
8.986157365143299103e-03
1.261002302169799805e+00
6.981912255287170410e-01
9.405518881976604462e-03
3.248117864131927490e-02
6.242827698588371277e-02
5.745059967041015625e+00
3.405692577362060547e+00
3.453706741333007812e+00
1.609845645725727081e-02
4.306696891784667969e+00
3.254221007227897644e-02
1.896312594413757324e+00
1.374953269958496094e+00
1.371208548545837402e+00
1.274988986551761627e-02
5.408193543553352356e-02
8.088633418083190918e-01
8.193259239196777344e-01
7.077639698982238770e-01
2.816923893988132477e-02
1.920864172279834747e-02
6.884852051734924316e-02
5.168809369206428528e-02
9.523482918739318848e-01
8.701714277267456055e-01
6.837463974952697754e-01
3.161966502666473389e-01
9.361905097961425781e+00
6.120963692665100098e-01
7.092862129211425781e-01
5.960173606872558594e-01
5.234554409980773926e-01
4.836999773979187012e-01
1.693250238895416260e-02
7.766754925251007080e-02
2.006317302584648132e-02
1.685486286878585815e-01
8.917285919189453125e+00
3.704804778099060059e-01
4.374312877655029297e+00
4.278261661529541016e+00
1.732721365988254547e-02
8.977305889129638672e-01
6.737706661224365234e-01
5.330138206481933594e-01
6.615505814552307129e-01
1.188105717301368713e-02
6.869862321764230728e-03
6.374686025083065033e-03
1.533097505569458008e+00
6.707230210304260254e-02
8.702135682106018066e-01
6.765391230583190918e-01
6.922376751899719238e-01
3.813824653625488281e-01
2.677664533257484436e-02
1.895329169929027557e-02
1.704037562012672424e-02
4.645836949348449707e-01
9.029913544654846191e-01
8.839754462242126465e-01
8.181114792823791504e-01
5.739727020263671875e-01
7.672829087823629379e-03
5.465187132358551025e-03
3.901576101779937744e-01
1.065756916999816895e+00
6.037017107009887695e-01
8.633959889411926270e-01
4.216318130493164062e-01
6.995607614517211914e-01
4.798831641674041748e-01
1.034530997276306152e+00
3.464895114302635193e-02
9.834488853812217712e-03
1.409834623336791992e-01
2.341278076171875000e+00
1.628081202507019043e+00
1.200567960739135742e+00
1.220417976379394531e+00
2.755234763026237488e-02
4.838075488805770874e-02
1.594522036612033844e-02
3.363733291625976562e-01
8.042183876037597656e+00
1.651144504547119141e+00
1.706871092319488525e-01
1.467095315456390381e-02
1.817762479186058044e-02
2.136758714914321899e-02
7.724720239639282227e-02
1.115798763930797577e-02
1.018084883689880371e-01
1.573255658149719238e-01
4.635834321379661560e-02
1.188271716237068176e-01
2.369780838489532471e-02
3.911384567618370056e-02
1.133209317922592163e-01
5.286414921283721924e-02
1.407360434532165527e-01
9.531584382057189941e-02
1.476601604372262955e-02
1.537261247634887695e+00
1.182268634438514709e-01
4.099492728710174561e-02
2.544113621115684509e-02
1.880300492048263550e-01
4.252430051565170288e-02
1.994192898273468018e-01
5.000117421150207520e-02
7.939816266298294067e-02
1.177178919315338135e-01
6.502796709537506104e-02
2.537695467472076416e-01
4.992644488811492920e-02
5.749030411243438721e-02
7.623343169689178467e-02
4.214082658290863037e-02
5.882953852415084839e-02
3.136131912469863892e-02
1.390627864748239517e-02
3.685028478503227234e-02
3.026500716805458069e-02
2.244095504283905029e-02
5.286930501461029053e-02
3.541802987456321716e-02
2.525056153535842896e-02
9.005120024085044861e-03
5.903642997145652771e-02
1.510984357446432114e-02
2.241995371878147125e-02
6.586458534002304077e-02
2.363549359142780304e-02
3.630785644054412842e-02
1.242295801639556885e-01
3.646339476108551025e-02
4.462741315364837646e-02
2.444101870059967041e-02
4.038964956998825073e-02
3.274609893560409546e-02
3.190712258219718933e-02
1.981190033257007599e-02
4.337428212165832520e-01
9.102146141231060028e-03
3.694593533873558044e-02
1.264411211013793945e-02
1.549464464187622070e-02
2.408325485885143280e-02
1.412723213434219360e-02
2.424634434282779694e-02
6.146869063377380371e-02
6.325429677963256836e-02
6.548470258712768555e-02
1.987800002098083496e-02
4.659388542175292969e+00
6.895638257265090942e-02
2.733014523983001709e-02
3.984980285167694092e-02
5.208271741867065430e-02
8.598949015140533447e-02
3.551070019602775574e-02
8.280905894935131073e-03
2.366885170340538025e-02
1.008822862058877945e-02
4.176989197731018066e-02
2.219317480921745300e-02
7.348324172198772430e-03
2.801036089658737183e-02
1.760867595672607422e+00
1.061250120401382446e-01
6.265836767852306366e-03
2.754439227283000946e-02
5.637725815176963806e-02
1.615915820002555847e-02
3.594182804226875305e-02
1.471415162086486816e-02
3.792097792029380798e-02
1.239952165633440018e-02
1.082915253937244415e-02
4.861626029014587402e-02
1.655979156494140625e-01
1.758243516087532043e-02
2.154617384076118469e-02
2.951954305171966553e-02
4.422900080680847168e-02
1.083952784538269043e+00
6.140675544738769531e-01
2.170370891690254211e-02
3.287460654973983765e-02
2.098858654499053955e-01
1.911777630448341370e-02
9.493571519851684570e-01
2.440976910293102264e-02
2.096761018037796021e-02
3.462309017777442932e-02
9.878217242658138275e-03
3.371233120560646057e-02
2.929476797580718994e-01
1.658820733428001404e-02
2.855412475764751434e-02
3.127309322357177734e+00
6.752714514732360840e-02
9.161858260631561279e-02
2.023072540760040283e-02
2.451347000896930695e-02
3.191966935992240906e-02
4.520814120769500732e-02
2.270850911736488342e-02
6.196630001068115234e-02
3.815751522779464722e-02
1.038635373115539551e-01
3.525454699993133545e-01
2.494687587022781372e-02
1.459711194038391113e-01
2.813989818096160889e-01
2.387556433677673340e-02
4.331083968281745911e-02
1.278251037001609802e-02
2.418598718941211700e-02
2.243338897824287415e-02
6.811607629060745239e-02
7.285960484296083450e-03
5.277962610125541687e-02
1.970225200057029724e-02
1.894338056445121765e-02
2.191526442766189575e-02
6.712257862091064453e-02
1.273463107645511627e-02
1.355208456516265869e-02
9.638456627726554871e-03
9.405939280986785889e-02
3.636041656136512756e-02
1.400227099657058716e-02
4.426889494061470032e-02
1.415604911744594574e-02
8.189992979168891907e-03
2.325106784701347351e-02
3.159897029399871826e-02
5.649530794471502304e-03
2.484283410012722015e-02
2.283886307850480080e-03
2.045001462101936340e-02
9.391753934323787689e-03
1.743922941386699677e-02
1.281776092946529388e-02
1.639229297637939453e+00
1.333244983106851578e-02
2.004984207451343536e-02
1.269455440342426300e-02
9.478041529655456543e-02
6.629648059606552124e-02
5.299384593963623047e-01
1.897034049034118652e-02
1.160567760467529297e+00
2.086607180535793304e-02
1.044809259474277496e-02
1.645878143608570099e-02
2.419093251228332520e-02
4.533570632338523865e-02
3.296724706888198853e-02
3.211854770779609680e-02
2.522099018096923828e-02
1.048021093010902405e-01
5.018142983317375183e-02
1.337658643722534180e+00
2.935842797160148621e-02
3.169666975736618042e-02
3.694415092468261719e-02
1.328665316104888916e-01
2.281131595373153687e-02
6.036840379238128662e-02
5.319327861070632935e-02
1.166852936148643494e-02
1.975410059094429016e-02
4.740429222583770752e-01
2.797232866287231445e-01
1.924424171447753906e-01
7.517638802528381348e-01
4.503452777862548828e-02
1.010183468461036682e-01
2.584517002105712891e-02
1.119733154773712158e-01
2.247361838817596436e-02
9.022617340087890625e+00
1.006226539611816406e-01
1.151780560612678528e-01
1.060717403888702393e-01
2.117627672851085663e-02
2.614730596542358398e-02
2.309527993202209473e-02
3.712862357497215271e-02
1.736698858439922333e-02
4.407970607280731201e-02
1.573899015784263611e-02
2.150736004114151001e-02
1.831699162721633911e-02
1.672183722257614136e-02
1.811314560472965240e-02
1.422179117798805237e-02
2.657055482268333435e-02
5.814322456717491150e-02
1.287486962974071503e-02
2.386640384793281555e-02
1.004049275070428848e-02
1.366712711751461029e-02
1.964209787547588348e-02
1.181904040277004242e-02
1.066135615110397339e-02
1.289131864905357361e-02
1.179460156708955765e-02
1.988450437784194946e-02
9.920485317707061768e-03
9.040208533406257629e-03
7.867274805903434753e-03
1.304698735475540161e-01
9.114780463278293610e-03
8.102473802864551544e-03
1.356926653534173965e-02
1.596486382186412811e-02
1.327998936176300049e-02
1.985186897218227386e-02
9.855776093900203705e-03
8.653080090880393982e-03
1.281939819455146790e-02
8.611930534243583679e-03
7.443996146321296692e-03
8.192246779799461365e-03
6.761135999113321304e-03
1.099568977952003479e-02
1.087941788136959076e-02
2.840553410351276398e-02
8.315252140164375305e-03
5.356938112527132034e-03
1.430528517812490463e-02
1.257067639380693436e-02
3.269333392381668091e-02
1.615097932517528534e-02
8.894708007574081421e-03
7.495495956391096115e-03
1.428887434303760529e-02
1.000079791992902756e-02
7.797027938067913055e-03
1.044337358325719833e-02
6.943565327674150467e-03
7.048197090625762939e-03
1.322166994214057922e-02
8.853233419358730316e-03
8.296364918351173401e-03
4.696890711784362793e-03
4.473355133086442947e-03
5.007172003388404846e-03
1.903769210912287235e-03
3.736418904736638069e-03
4.123679362237453461e-03
4.127419553697109222e-03
4.506061784923076630e-03
2.648504078388214111e-02
4.192452877759933472e-03
1.914650350809097290e-01
6.891124881803989410e-03
4.012558609247207642e-03
3.173318225890398026e-03
6.023838184773921967e-03
3.350542858242988586e-03
4.724659025669097900e-03
4.243417177349328995e-03
5.853526759892702103e-03
5.000015720725059509e-03
5.834579467773437500e-03
6.295483559370040894e-03
8.578579872846603394e-03
4.253184422850608826e-03
1.151452213525772095e-02
1.286293473094701767e-02
4.118487238883972168e-03
6.177025847136974335e-03
5.688229575753211975e-03
7.897031493484973907e-03
5.616624839603900909e-03
9.050209075212478638e-03
3.363945335149765015e-02
2.567380852997303009e-02
3.175748977810144424e-03
3.171305172145366669e-03
2.321643056347966194e-03
3.255131654441356659e-03
1.968839205801486969e-02
3.886015620082616806e-03
8.499344810843467712e-03
5.429279990494251251e-03
2.490567415952682495e-02
2.082446403801441193e-02
4.006187431514263153e-03
5.510025657713413239e-03
1.105588488280773163e-02
1.476133801043033600e-02
5.348610691726207733e-03
6.057650782167911530e-03
7.415922358632087708e-03
5.073368083685636520e-03
4.868007265031337738e-03
1.164910756051540375e-02
3.362348768860101700e-03
6.775272078812122345e-03
3.803853411227464676e-03
4.330214578658342361e-03
1.246401816606521606e-01
1.159222144633531570e-02
2.027811668813228607e-02
6.774896755814552307e-03
1.052766386419534683e-02
1.164907217025756836e-02
1.002368517220020294e-02
5.997246131300926208e-03
7.368500810116529465e-03
4.600230604410171509e-03
1.294604316353797913e-02
5.644181277602910995e-03
1.419916655868291855e-02
1.391735114157199860e-02
5.165188573300838470e-03
1.242318563163280487e-02
7.059278897941112518e-03
7.679014466702938080e-03
9.142694994807243347e-03
1.008653827011585236e-02
7.172437384724617004e-03
6.163852289319038391e-03
4.231562465429306030e-02
6.023735273629426956e-03
6.017463281750679016e-03
1.339394599199295044e-02
1.024666801095008850e-02
1.249371748417615891e-02
7.793401367962360382e-03
8.432129397988319397e-03
8.236452005803585052e-03
2.623562887310981750e-02
1.099804602563381195e-02
9.497661143541336060e-03
5.600699689239263535e-03
6.500777788460254669e-03
5.859464872628450394e-03
1.655499450862407684e-02
8.565066382288932800e-03
6.536336150020360947e-03
3.381164371967315674e-02
3.856426477432250977e-02
1.563533022999763489e-02
2.526517026126384735e-02
1.469831820577383041e-02
1.939976401627063751e-02
7.539692334830760956e-03
1.496092882007360458e-02
1.405253261327743530e-02
2.062935382127761841e-02
1.068085804581642151e-02
1.125784032046794891e-02
1.253455132246017456e-02
8.665573783218860626e-03
1.418870687484741211e-02
7.237886078655719757e-03
6.595990154892206192e-03
1.210610195994377136e-02
8.736979216337203979e-03
7.417976390570402145e-03
1.576849631965160370e-02
6.919021718204021454e-03
5.277471616864204407e-03
1.397484634071588516e-02
7.370037492364645004e-03
2.757121063768863678e-02
5.903357639908790588e-03
5.651776678860187531e-03
1.577889733016490936e-02
9.785471484065055847e-03
7.537507917732000351e-03
4.229173995554447174e-03
8.263390511274337769e-03
1.790206693112850189e-02
6.577711552381515503e-03
5.651839077472686768e-03
7.832620292901992798e-03
1.337947882711887360e-02
1.416749600321054459e-02
1.002980396151542664e-02
2.176761440932750702e-02
1.043371763080358505e-02
1.622823998332023621e-02
5.727099254727363586e-03
1.258472912013530731e-02
1.416714582592248917e-02
1.095496118068695068e-02
8.722336031496524811e-03
1.341433264315128326e-02
9.662213735282421112e-03
1.214991509914398193e-02
1.032348070293664932e-02
1.094905473291873932e-02
9.074164554476737976e-03
1.194849796593189240e-02
9.100393392145633698e-03
1.019417587667703629e-02
2.268034592270851135e-02
7.813489064574241638e-03
9.988855570554733276e-03
4.669194575399160385e-03
1.642575673758983612e-02
6.635461468249559402e-03
7.592592388391494751e-03
6.476345472037792206e-03
7.727848831564188004e-03
2.228825539350509644e-02
7.157013751566410065e-03
8.971756324172019958e-03
5.529710091650485992e-03
6.988486275076866150e-03
2.826123684644699097e-02
7.030925713479518890e-03
6.531328894197940826e-03
6.267902906984090805e-03
6.632639095187187195e-03
2.122763358056545258e-02
6.796172820031642914e-03
7.265457417815923691e-03
6.671993527561426163e-03
1.711273565888404846e-02
1.006845105439424515e-02
5.727032665163278580e-03
5.533289629966020584e-03
4.162722267210483551e-03
5.062519572675228119e-03
6.171120330691337585e-03
5.947174504399299622e-03
4.763395525515079498e-03
8.948228321969509125e-03
6.131803616881370544e-03
5.295346491038799286e-03
5.957204382866621017e-03
4.101660102605819702e-03
2.065820619463920593e-03
3.082951996475458145e-03
4.466483369469642639e-03
2.678092103451490402e-03
3.787862602621316910e-03
3.824362065643072128e-03
5.823768209666013718e-03
4.372017923742532730e-03
6.078408099710941315e-03
5.699961911886930466e-03
5.256015807390213013e-03
6.256095599383115768e-03
4.715844057500362396e-03
8.618781343102455139e-03
3.778703277930617332e-03
3.480064682662487030e-03
2.617402933537960052e-02
5.732726771384477615e-03
2.585137030109763145e-03
4.031942225992679596e-03
3.622299060225486755e-03
3.130159340798854828e-03
3.646430559456348419e-03
3.963700495660305023e-03
3.046419471502304077e-03
3.158442908897995949e-03
1.440798118710517883e-02
2.439171075820922852e-03
3.562693251296877861e-03
1.816022675484418869e-03
2.293057506904006004e-03
2.628333400934934616e-03
1.054948382079601288e-02
2.068464085459709167e-02
3.107726573944091797e-03
5.675002001225948334e-03
4.923837725073099136e-03
4.282082431018352509e-03
3.366208169609308243e-03
3.902018535882234573e-03
2.281072083860635757e-03
8.601685985922813416e-03
2.133400877937674522e-03
2.600248437374830246e-03
2.993539907038211823e-02
2.862791530787944794e-03
3.181955078616738319e-03
9.390948340296745300e-03
2.072180062532424927e-02
3.139236243441700935e-03
5.605135578662157059e-03
9.726393036544322968e-03
8.342491462826728821e-03
5.541997961699962616e-03
5.878852680325508118e-03
6.000872235745191574e-03
5.699415691196918488e-03
6.985935382544994354e-03
5.365271121263504028e-03
4.950556904077529907e-03
4.646289721131324768e-02
4.506246186792850494e-03
4.929281771183013916e-03
4.736002534627914429e-03
4.848472774028778076e-03
4.834758583456277847e-03
6.169019266963005066e-03
4.141080193221569061e-03
2.562434971332550049e-02
5.513514392077922821e-03
5.693758837878704071e-03
1.090155355632305145e-02
6.881882436573505402e-03
5.706304684281349182e-03
3.935981541872024536e-03
1.471002027392387390e-02
6.571915931999683380e-03
4.171821754425764084e-03
3.706341842189431190e-03
6.711442954838275909e-03
6.528416648507118225e-03
1.368206273764371872e-02
2.922452520579099655e-03
5.400503519922494888e-03
4.176446702331304550e-03
4.971028305590152740e-03
4.089098423719406128e-03
3.765183733776211739e-03
4.637798760086297989e-03
6.487124599516391754e-03
3.941263537853956223e-03
9.254121221601963043e-03
4.531945101916790009e-03
4.805895965546369553e-03
1.714505814015865326e-02
4.050001967698335648e-03
8.500255644321441650e-03
6.231378298252820969e-03
7.921998389065265656e-03
8.116024546325206757e-03
5.136215128004550934e-03
1.069471053779125214e-02
6.095906719565391541e-03
8.260745555162429810e-03
5.051968153566122055e-03
5.735980346798896790e-03
4.615035839378833771e-03
2.411036565899848938e-02
3.916095476597547531e-03
1.449696067720651627e-02
4.215932451188564301e-03
1.463119778782129288e-02
5.989884734153747559e-01
3.388592740520834923e-03
6.259558722376823425e-03
3.855435643345117569e-03
4.414983093738555908e-03
3.916128072887659073e-03
8.861569687724113464e-03
5.447705276310443878e-03
4.855539184063673019e-03
5.393428262323141098e-03
5.023376550525426865e-03
1.290351748466491699e-01
1.023692730814218521e-02
3.826564643532037735e-03
4.337063059210777283e-03
4.772787448018789291e-03
3.713376820087432861e-03
3.884310275316238403e-02
6.235618144273757935e-03
4.244458861649036407e-03
4.363209940493106842e-03
4.713541362434625626e-03
2.475496614351868629e-03
5.232978146523237228e-03
8.467173203825950623e-03
3.284354694187641144e-03
2.030877862125635147e-03
3.656244371086359024e-03
1.210539788007736206e-02
3.737689694389700890e-03
6.822495721280574799e-03
5.374230910092592239e-03
1.994319446384906769e-02
2.909003524109721184e-03
1.773151382803916931e-02
1.680946722626686096e-02
6.229134276509284973e-03
2.389696659520268440e-03
1.614356786012649536e-02
4.688270855695009232e-03
5.773788783699274063e-03
6.651661824434995651e-03
1.004782691597938538e-02
9.797099977731704712e-03
6.446019746363162994e-03
6.587876472622156143e-03
9.325543418526649475e-03
7.526738103479146957e-03
7.698081433773040771e-03
8.317103609442710876e-03
6.266108714044094086e-03
4.886934999376535416e-03
2.505644690245389938e-03
5.422365851700305939e-03
7.894604466855525970e-03
5.771741736680269241e-03
6.130993831902742386e-03
6.895277183502912521e-03
5.888815969228744507e-03
5.202217958867549896e-03
6.287388503551483154e-03
5.870072171092033386e-03
5.853448528796434402e-03
5.614985246211290359e-03
4.735755734145641327e-03
3.045377321541309357e-03
4.816931672394275665e-03
4.176658578217029572e-03
3.690688870847225189e-03
4.899369087070226669e-03
1.826771534979343414e-03
4.879311192780733109e-03
7.738009095191955566e-03
4.948384594172239304e-03
3.145631868392229080e-03
1.091274060308933258e-02
4.289792384952306747e-03
4.271318204700946808e-03
3.685094416141510010e-03
2.628628630191087723e-03
2.735364949330687523e-03
5.245720036327838898e-03
3.356030676513910294e-03
2.876515733078122139e-03
3.517147386446595192e-03
4.016149789094924927e-03
2.814644947648048401e-03
2.989588305354118347e-03
2.794478554278612137e-03
3.124699462205171585e-03
2.541089197620749474e-03
2.431488130241632462e-03
3.511507064104080200e-03
2.016817219555377960e-03
1.679029315710067749e-03
2.835904946550726891e-03
3.242399077862501144e-03
2.269712742418050766e-03
2.050666371360421181e-03
3.429682226851582527e-03
2.463558455929160118e-03
2.150778193026781082e-03
1.547042746096849442e-03
1.652259612455964088e-03
2.039123326539993286e-03
2.069401089102029800e-03
1.774498377926647663e-03
1.077488297596573830e-03
1.854816102422773838e-03
1.738423597998917103e-03
2.594749210402369499e-03
2.424339530989527702e-03
1.746267313137650490e-03
1.771994400769472122e-03
6.574809551239013672e-03
2.498593181371688843e-03
2.179533476009964943e-03
1.734407618641853333e-03
2.710368251428008080e-03
1.772852148860692978e-03
1.839883858337998390e-03
1.607627957127988338e-03
2.212343737483024597e-03
1.957533648237586021e-03
1.513203373178839684e-03
2.188186161220073700e-03
1.219640485942363739e-03
1.436177408322691917e-03
1.239445758983492851e-03
1.525795785710215569e-03
1.090298872441053391e-03
1.318257418461143970e-03
1.173508586362004280e-03
1.401236513629555702e-03
1.411854056641459465e-03
1.730585005134344101e-03
3.913454711437225342e-03
1.526714302599430084e-03
7.712166407145559788e-04
1.556622912175953388e-03
7.181036286056041718e-03
4.587397910654544830e-03
3.777306526899337769e-03
3.241259139031171799e-03
3.383375238627195358e-03
5.151537712663412094e-03
3.590566571801900864e-03
2.401982434093952179e-03
2.123836427927017212e-03
2.187757520005106926e-03
1.740772160701453686e-03
1.969052711501717567e-03
2.108755055814981461e-03
1.676035812124609947e-03
1.777220284566283226e-03
2.097058808431029320e-03
6.683354265987873077e-03
1.451738411560654640e-03
2.525476273149251938e-03
2.024470595642924309e-03
2.240892965346574783e-03
2.303034299984574318e-03
1.898897346109151840e-03
1.392405014485120773e-03
2.278651343658566475e-03
1.540394616313278675e-03
1.995060127228498459e-03
2.548981457948684692e-03
2.830949379131197929e-03
2.145452890545129776e-03
1.450444804504513741e-03
2.225286792963743210e-03
1.919549657031893730e-03
1.229248708114027977e-03
1.434483332559466362e-03
1.681398716755211353e-03
1.272156019695103168e-03
1.788392197340726852e-03
1.369685865938663483e-03
1.489776885136961937e-03
1.778242993168532848e-03
1.366950105875730515e-03
1.486416673287749290e-03
1.498887082561850548e-03
1.714203855954110622e-03
8.931213989853858948e-03
1.601035823114216328e-03
1.747042406350374222e-03
1.505178399384021759e-03
1.190665410831570625e-03
1.296108588576316833e-03
8.210109081119298935e-04
1.272001420147716999e-03
9.273487958125770092e-04
1.254590228199958801e-03
1.115819672122597694e-03
9.499512962065637112e-04
9.115617722272872925e-04
8.052809280343353748e-04
1.075403764843940735e-03
9.412079816684126854e-04
1.256551127880811691e-03
1.267515588551759720e-03
9.618712356314063072e-04
8.011802565306425095e-04
6.258399225771427155e-04
9.290627203881740570e-04
1.251919544301927090e-03
9.440422873012721539e-04
7.190902833826839924e-04
6.867065676487982273e-04
9.088958613574504852e-04
6.913478136993944645e-04
1.220436999574303627e-03
1.047930214554071426e-03
9.418586269021034241e-04
7.325885235331952572e-04
1.193603151477873325e-03
1.556496252305805683e-03
9.154292638413608074e-04
7.708176854066550732e-04
1.200241269543766975e-03
8.908879826776683331e-04
8.530442137271165848e-04
7.181194378063082695e-04
6.585060618817806244e-04
6.430462235584855080e-04
4.848453099839389324e-04
8.486870210617780685e-04
5.570037756115198135e-04
8.361409418284893036e-04
