3.223276901245117188e+01
2.009809970855712891e+00
6.425714492797851562e-01
5.162162780761718750e-01
6.744435429573059082e-01
1.371788501739501953e+00
9.538909196853637695e-01
5.546315908432006836e-01
2.786920368671417236e-01
3.875085413455963135e-01
2.215026468038558960e-01
1.050936222076416016e+00
8.323322534561157227e-01
7.767760276794433594e+00
7.238011956214904785e-01
1.475677490234375000e-01
4.225243330001831055e-01
1.441317796707153320e+00
2.643100023269653320e-01
1.731598004698753357e-02
6.125032901763916016e-01
4.331773519515991211e-01
3.193639591336250305e-02
4.995252490043640137e-01
2.015409320592880249e-01
1.173478141427040100e-01
3.749669790267944336e-01
1.665559709072113037e-01
1.198518574237823486e-01
1.716667562723159790e-01
5.863134264945983887e-01
5.672289431095123291e-02
1.965273022651672363e-01
2.565012313425540924e-02
1.006359830498695374e-01
7.419942319393157959e-02
5.991047024726867676e-01
9.486291557550430298e-02
5.205755308270454407e-02
1.741169542074203491e-01
2.520704746246337891e+00
2.874502912163734436e-02
5.867969244718551636e-02
1.356486827135086060e-01
4.379350692033767700e-02
1.441229879856109619e-01
4.513176158070564270e-02
1.293704211711883545e-01
2.056303739547729492e+00
1.060454919934272766e-01
1.730357110500335693e-01
6.932457908987998962e-03
1.494548022747039795e-01
3.324344009160995483e-02
7.311659306287765503e-02
3.468841314315795898e-01
3.293648734688758850e-02
3.431497141718864441e-02
7.789375260472297668e-03
4.745142906904220581e-02
3.546552062034606934e-01
1.355768647044897079e-02
7.752240449190139771e-02
1.196690499782562256e-01
1.076118275523185730e-01
4.072442278265953064e-02
6.080352142453193665e-02
8.494359254837036133e-02
1.134165748953819275e-02
9.991135448217391968e-03
3.447371721267700195e-02
3.744545578956604004e-02
7.572114467620849609e-02
2.556843683123588562e-02
4.338914994150400162e-03
2.921187132596969604e-02
1.389471143484115601e-01
1.108360290527343750e-01
1.472662948071956635e-02
5.501500889658927917e-02
6.148281972855329514e-03
1.840939640998840332e+00
1.217979751527309418e-02
2.845457009971141815e-02
4.387212172150611877e-02
2.178473956882953644e-02
4.199304804205894470e-02
4.662808030843734741e-02
4.443735629320144653e-02
1.659012027084827423e-02
3.655217960476875305e-02
1.332966610789299011e-02
3.552981317043304443e-01
1.606403291225433350e-01
8.135654032230377197e-03
1.374248564243316650e-01
8.478021249175071716e-03
2.302240952849388123e-02
6.845731288194656372e-02
3.400206565856933594e-03
3.342975303530693054e-02
4.055842291563749313e-03
5.790005624294281006e-02
3.900264948606491089e-02
6.280980110168457031e-01
4.804797470569610596e-02
2.885693311691284180e-02
6.775677949190139771e-02
5.210903473198413849e-03
5.119405314326286316e-02
7.512624375522136688e-03
6.844883412122726440e-02
3.548097331076860428e-03
1.221375346183776855e+00
1.861939020454883575e-02
6.204049568623304367e-03
2.966480888426303864e-02
2.355057895183563232e-01
4.421880468726158142e-02
4.221857991069555283e-03
4.703307524323463440e-03
4.912996198982000351e-03
2.080309204757213593e-02
1.641359925270080566e-02
7.486796937882900238e-03
1.663539409637451172e-01
1.423232443630695343e-02
4.092351347208023071e-02
6.159018725156784058e-03
8.094731718301773071e-02
9.856279008090496063e-03
6.149092316627502441e-02
7.161341141909360886e-03
3.646383527666330338e-03
3.193606808781623840e-02
1.646249368786811829e-02
8.300334215164184570e-03
1.590399816632270813e-02
5.281135439872741699e-02
2.665153471753001213e-03
9.198355255648493767e-04
3.543565273284912109e+00
4.047752916812896729e-02
3.642329946160316467e-03
1.110376976430416107e-02
8.238045498728752136e-03
2.633855864405632019e-02
5.224359780550003052e-02
3.620221838355064392e-02
3.769205184653401375e-03
1.319081429392099380e-02
9.611508576199412346e-04
1.392717957496643066e-01
9.788414463400840759e-03
4.210259765386581421e-03
3.557671327143907547e-03
7.597659248858690262e-03
7.496642414480447769e-03
4.815757647156715393e-02
1.498923171311616898e-02
1.055837124586105347e-01
5.281346291303634644e-02
4.322435706853866577e-03
4.419571720063686371e-03
2.777254208922386169e-02
1.980842091143131256e-02
2.934624673798680305e-03
9.697016328573226929e-03
1.893238909542560577e-02
1.198660284280776978e-01
2.796291001141071320e-02
2.241520397365093231e-02
2.128708660602569580e-01
6.973359733819961548e-03
4.085989296436309814e-01
3.452446684241294861e-02
2.230867743492126465e-02
1.872367024421691895e+00
5.457730963826179504e-03
8.453928865492343903e-03
3.406713157892227173e-02
9.170054458081722260e-03
3.227673470973968506e-02
2.901449333876371384e-03
1.021562330424785614e-02
1.385002862662076950e-03
2.479924447834491730e-02
1.955553293228149414e-01
2.626625448465347290e-02
1.004196330904960632e-02
7.075062394142150879e-02
3.522792086005210876e-02
1.182262692600488663e-02
3.145107254385948181e-02
3.474752232432365417e-02
2.006170572713017464e-03
2.049840241670608521e-02
2.313603460788726807e-02
7.394739240407943726e-02
2.320252917706966400e-02
3.032390493899583817e-03
2.122629201039671898e-03
8.000703528523445129e-04
7.412111735902726650e-04
3.346860641613602638e-03
1.039368333294987679e-03
1.584765384905040264e-03
3.767894580960273743e-03
1.965149072930216789e-03
1.990321179619058967e-04
7.050390122458338737e-04
2.623418569564819336e-01
9.525025379844009876e-04
3.300595795735716820e-03
3.616334870457649231e-02
8.111382834613323212e-03
7.099190261214971542e-04
1.833521761000156403e-02
1.568271778523921967e-02
2.881123451516032219e-03
8.350358693860471249e-04
5.393364699557423592e-04
4.358734004199504852e-03
5.995812243781983852e-04
2.469310769811272621e-03
1.395355560816824436e-03
1.348584075458347797e-03
9.105977369472384453e-04
1.046524499543011189e-03
9.242121013812720776e-04
3.734914935193955898e-04
3.715099301189184189e-04
4.661973100155591965e-03
6.447401246987283230e-04
6.049383082427084446e-04
5.316357128322124481e-04
3.793629293795675039e-04
1.283932360820472240e-03
4.102217499166727066e-03
5.278384778648614883e-04
2.207474550232291222e-03
4.232453065924346447e-04
1.278390455991029739e-02
9.402189753018319607e-04
8.715238072909414768e-04
3.413524536881595850e-04
4.666741006076335907e-04
7.635550573468208313e-04
2.550215227529406548e-03
1.237286138348281384e-03
2.508624456822872162e-04
3.632195293903350830e-03
6.705778650939464569e-04
1.230897032655775547e-03
6.400408456102013588e-04
4.405916843097656965e-04
6.032544770278036594e-04
6.216301117092370987e-04
1.766567002050578594e-04
1.028764818329364061e-04
2.241518377559259534e-04
9.945772762876003981e-05
1.602040603756904602e-03
1.190887647680938244e-03
1.128953881561756134e-03
9.509854018688201904e-02
4.724814090877771378e-03
1.107912859879434109e-03
5.153284291736781597e-04
2.790159196592867374e-04
1.867068186402320862e-02
6.781098782084882259e-04
2.495769294910132885e-04
4.225530428811907768e-04
7.299780845642089844e-03
5.709890392608940601e-04
1.407327363267540932e-04
3.473959513939917088e-04
5.683615454472601414e-04
2.329829731024801731e-04
4.036969039589166641e-03
9.282032959163188934e-03
6.509652826935052872e-03
2.059290185570716858e-03
4.290434007998555899e-04
1.207452500239014626e-03
7.743060123175382614e-04
1.210702394018881023e-04
3.449126961641013622e-04
3.781244449783116579e-04
4.325749177951365709e-04
2.997429692186415195e-04
1.259170589037239552e-03
7.741317385807633400e-04
1.304504368454217911e-02
2.280414570122957230e-03
2.341587794944643974e-03
4.025252908468246460e-02
1.897385809570550919e-03
8.451736648567020893e-04
1.233960781246423721e-02
6.339228712022304535e-04
1.678695669397711754e-03
1.037567504681646824e-03
3.601327480282634497e-04
2.697558840736746788e-03
8.428955334238708019e-04
3.443596069701015949e-04
3.229683352401480079e-05
7.291241199709475040e-04
2.122740843333303928e-04
1.132711116224527359e-02
1.215218845754861832e-02
8.152758702635765076e-03
1.331715262494981289e-03
2.693903865292668343e-03
2.550676930695772171e-03
3.470074385404586792e-03
2.301520871696993709e-04
1.748476875945925713e-03
5.321285221725702286e-03
7.068639388307929039e-04
5.330346059054136276e-03
1.649031037231907248e-04
4.047035705298185349e-03
3.151016077026724815e-03
1.473125303164124489e-03
1.958215725608170033e-04
9.111975668929517269e-05
6.650330615229904652e-04
9.669987484812736511e-03
2.659120073076337576e-04
2.543451264500617981e-04
7.326363120228052139e-04
4.646081360988318920e-04
4.160396638326346874e-04
2.791647333651781082e-03
2.006730792345479131e-04
1.272163935936987400e-04
1.192766521126031876e-02
5.496065132319927216e-04
3.559141419827938080e-03
3.025821410119533539e-03
2.234024577774107456e-04
3.123330883681774139e-03
2.437829534756019711e-04
1.156151061877608299e-03
1.198402256704866886e-03
4.956460907123982906e-04
1.083892062306404114e-01
2.661032194737344980e-04
2.295712474733591080e-04
9.447809308767318726e-03
1.770961796864867210e-03
1.051805447787046432e-03
3.785322187468409538e-04
6.272235768847167492e-04
3.075245302170515060e-03
1.332716492470353842e-04
1.188708818517625332e-03
7.700472604483366013e-03
2.448339713737368584e-03
1.463068474549800158e-04
1.091347355395555496e-02
6.393153453245759010e-04
4.468313418328762054e-04
1.922765630297362804e-03
8.834014879539608955e-04
1.673381775617599487e-03
8.697761222720146179e-03
1.795307695865631104e-01
1.722076121950522065e-04
5.561604048125445843e-04
4.836390260607004166e-03
2.484867582097649574e-04
6.604651920497417450e-03
1.934621017426252365e-03
6.942786742001771927e-03
5.485822912305593491e-04
9.235666948370635509e-04
2.280510670971125364e-04
1.562405610457062721e-03
1.512384042143821716e-04
2.823119750246405602e-03
5.978101398795843124e-04
4.976117052137851715e-04
4.187846207059919834e-04
3.829407738521695137e-03
2.882490865886211395e-03
7.590519264340400696e-03
5.786158144474029541e-04
8.528376201866194606e-05
7.164350245147943497e-05
9.165451047010719776e-04
5.153554957360029221e-04
6.330562289804220200e-03
7.102883420884609222e-03
3.973033279180526733e-03
1.449541072361171246e-03
4.382131737656891346e-04
2.900670049712061882e-03
8.949387073516845703e-02
6.271179299801588058e-03
1.066918717697262764e-03
8.313923608511686325e-04
1.547017600387334824e-03
1.681588008068501949e-03
3.768854774534702301e-03
1.263586338609457016e-03
2.588175702840089798e-04
1.360381487756967545e-03
6.317057996056973934e-04
6.303465343080461025e-04
7.457087049260735512e-04
3.632194711826741695e-04
5.999891072860918939e-05
1.832014694809913635e-02
1.194804717670194805e-04
4.366989247500896454e-03
4.286118224263191223e-02
2.276992163388058543e-04
3.209298104047775269e-02
7.596625800943002105e-05
5.979756824672222137e-04
2.478976675774902105e-04
1.412137295119464397e-03
4.324672918301075697e-04
8.697739394847303629e-05
1.005697704385966063e-04
3.790455870330333710e-03
6.106219370849430561e-04
9.357417002320289612e-03
7.221170235425233841e-04
1.498892903327941895e-03
5.197734571993350983e-04
2.410957962274551392e-02
4.637674137484282255e-04
8.730390691198408604e-04
4.398940363898873329e-04
6.553774001076817513e-04
9.147397358901798725e-04
3.510757524054497480e-04
4.255023959558457136e-04
2.857774263247847557e-03
5.191044183447957039e-04
6.768956518499180675e-05
1.541319070383906364e-03
5.987876647850498557e-05
1.693086698651313782e-03
1.576665788888931274e-03
2.388294815318658948e-04
2.063948923023417592e-04
5.864582999492995441e-05
5.672293482348322868e-04
1.360607566311955452e-04
1.908908161567524076e-04
7.676467066630721092e-05
5.408721626736223698e-04
4.106860724277794361e-04
3.965680953115224838e-03
1.330839877482503653e-04
2.973413502331823111e-04
3.088654775638133287e-04
1.021551992744207382e-02
3.350267186760902405e-03
4.329118877649307251e-03
3.616874571889638901e-03
2.873353660106658936e-04
9.719562949612736702e-04
6.592083082068711519e-05
2.134374110028147697e-03
1.781866594683378935e-04
1.441915228497236967e-04
3.127439646050333977e-03
1.985463459277525544e-04
1.647980243433266878e-04
8.456029463559389114e-04
4.855936567764729261e-04
1.115281338570639491e-04
7.921195356175303459e-05
6.118006422184407711e-04
2.911978808697313070e-04
2.325565181672573090e-02
4.368487279862165451e-04
3.888667561113834381e-04
5.571670481003820896e-04
1.247112406417727470e-03
3.724211419466882944e-04
2.196915593231096864e-04
1.782005419954657555e-03
1.695537794148549438e-04
7.481531938537955284e-04
7.477373583242297173e-05
1.117383944801986217e-04
3.917344845831394196e-03
1.471863070037215948e-04
1.945982367033138871e-04
1.063844028976745903e-04
1.154200755991041660e-03
3.478916478343307972e-04
2.699485921766608953e-04
5.169390351511538029e-04
3.885648402501828969e-05
2.432597568258643150e-03
1.908635604195296764e-04
2.322071522939950228e-04
2.171673695556819439e-04
2.981967736559454352e-05
8.168436586856842041e-03
1.023647957481443882e-03
1.256652030861005187e-04
6.230622529983520508e-03
1.255636336281895638e-03
2.919045044109225273e-03
2.645565837156027555e-04
1.888263504952192307e-04
3.564283542800694704e-05
6.620212807320058346e-04
3.029456274816766381e-05
8.329695556312799454e-04
2.057511592283844948e-04
6.506159901618957520e-03
7.443856884492561221e-05
6.339228712022304535e-03
8.729584515094757080e-03
1.308695995248854160e-03
4.849910037592053413e-04
1.269258791580796242e-03
2.225275529781356454e-04
1.048237536451779306e-04
1.262768200831487775e-04
4.194212669972330332e-04
3.106005169684067369e-05
6.177934847073629498e-05
2.669023524504154921e-04
7.952501997351646423e-03
4.590306343743577600e-05
7.849162444472312927e-03
2.605254703667014837e-04
1.086838528863154352e-04
3.618074697442352772e-05
6.594528094865381718e-04
2.533786464482545853e-04
4.584806447383016348e-04
5.130572826601564884e-04
2.403291000518947840e-05
2.475780202075839043e-04
1.550486776977777481e-04
4.915598037769086659e-05
1.092928126454353333e-01
1.089528377633541822e-04
1.150099487858824432e-04
6.084941560402512550e-05
1.191912160720676184e-04
8.833323954604566097e-05
4.495893153944052756e-05
5.250713787972927094e-03
1.463346765376627445e-03
8.073167409747838974e-04
6.577454769285395741e-05
2.131331275450065732e-04
2.280141459777951241e-03
3.866873739752918482e-04
5.402932220022194088e-05
6.946396024432033300e-05
2.589322684798389673e-04
7.609129534102976322e-05
6.496292189694941044e-04
1.268744090339168906e-04
6.004228271194733679e-05
8.330911805387586355e-05
8.063712448347359896e-05
8.134564850479364395e-04
2.107260981574654579e-03
1.001169439405202866e-03
2.610816445667296648e-04
3.625252842903137207e-02
1.759193546604365110e-04
7.880302146077156067e-04
5.765385139966383576e-05
4.791760511579923332e-05
2.483427670085802674e-05
5.972953513264656067e-04
5.751924254582263529e-05
5.065626828582026064e-05
1.648659235797822475e-05
7.868740358389914036e-04
3.576988092390820384e-05
8.172831148840487003e-04
1.194557407870888710e-04
1.373758859699591994e-04
1.007639439194463193e-04
1.451174379326403141e-03
3.639928399934433401e-05
6.734556518495082855e-05
1.076478947652503848e-04
3.595281741581857204e-04
1.007277969620190561e-04
2.515855885576456785e-05
4.068946291226893663e-04
9.902729652822017670e-04
1.531646004877984524e-03
9.918088326230645180e-04
3.298061710665933788e-05
2.919390681199729443e-04
5.206377318245358765e-05
7.468346302630379796e-05
3.936573630198836327e-04
1.366119686281308532e-04
3.822977596428245306e-04
2.380433288635686040e-04
5.118914123158901930e-05
9.616184979677200317e-05
1.905745361000299454e-03
3.472220851108431816e-04
2.487365854904055595e-04
5.412121390691027045e-05
4.863179638050496578e-04
6.472552195191383362e-05
1.519101933808997273e-04
5.668828962370753288e-04
6.732173642376437783e-05
7.860091864131391048e-05
5.929606850259006023e-04
4.195245855953544378e-05
8.519350376445800066e-05
8.670723036630079150e-05
8.184317266568541527e-05
2.267238596687093377e-05
1.596053363755345345e-03
2.272654382977634668e-04
1.300889533013105392e-03
4.028875991934910417e-05
4.316691411077044904e-05
3.328024467919021845e-05
5.943542419117875397e-05
7.962864765431731939e-05
5.627291102427989244e-05
1.636275264900177717e-04
2.497367386240512133e-04
1.344997872365638614e-04
1.581497635925188661e-04
1.436446473235264421e-04
8.000811794772744179e-05
2.654043491929769516e-03
3.640859722509048879e-05
3.929383307695388794e-02
1.778968289727345109e-04
1.243724254891276360e-03
3.031014348380267620e-04
2.947223765659146011e-05
8.300887566292658448e-05
4.443063517101109028e-05
1.888608858280349523e-05
5.950110789854079485e-05
4.857725070905871689e-05
1.594334898982197046e-04
1.629315229365602136e-04
3.209945862181484699e-04
3.096371947322040796e-04
4.450832057045772672e-05
1.385747687891125679e-03
1.523188620922155678e-05
3.916037894668988883e-05
7.917779294075444341e-05
3.939462476409971714e-05
3.831849244306795299e-05
1.507253968156874180e-03
3.268719956395216286e-05
4.065238317707553506e-05
3.412300065974704921e-05
7.586855208501219749e-04
3.142301691696047783e-03
7.656953675905242562e-05
1.044427990564145148e-04
1.940570473379921168e-05
1.363930205116048455e-04
2.062518615275621414e-04
1.127678915509022772e-04
1.269248168682679534e-04
1.077903070836327970e-04
4.720901604741811752e-03
2.961984369903802872e-03
6.016647967044264078e-05
1.920496870297938585e-04
3.469510556897148490e-05
3.595814807340502739e-03
2.060908882413059473e-04
1.027399339363910258e-04
2.856697756214998662e-05
3.471359741524793208e-05
4.289192729629576206e-04
6.631390715483576059e-05
2.688733628019690514e-03
1.413496938766911626e-04
1.544054248370230198e-05
4.383761552162468433e-05
1.440495252609252930e-03
3.040173760382458568e-05
2.240510511910542846e-04
1.622748910449445248e-03
1.383989147143438458e-04
3.869352804031223059e-05
7.913891022326424718e-05
1.818647069740109146e-05
1.876153874036390334e-05
3.614647721406072378e-05
1.027992344461381435e-03
1.077221968444064260e-04
1.247641739610116929e-05
6.112504343036562204e-05
2.262593443447258323e-05
1.753724427544511855e-05
6.379422848112881184e-05
5.774677265435457230e-04
2.349188434891402721e-04
9.647347906138747931e-05
5.042664270149543881e-05
3.617603215388953686e-05
2.355676042498089373e-05
2.423418191028758883e-04
2.046592067927122116e-03
3.186414251103997231e-04
2.123164595104753971e-04
4.345213528722524643e-04
3.945992793887853622e-04
2.825474075507372618e-04
1.493462623329833150e-04
1.992318866541609168e-04
9.218846389558166265e-05
7.875151641201227903e-05
6.215334724402055144e-05
4.223048381390981376e-05
1.627075835131108761e-04
1.188601745525375009e-04
4.545591946225613356e-05
1.088112112483941019e-04
8.685220382176339626e-05
1.800253085093572736e-04
1.784832784323953092e-05
2.914973010774701834e-04
1.450632000342011452e-03
3.594976442400366068e-05
9.678937931312248111e-05
9.547256922814995050e-05
2.114172792062163353e-03
7.218719110824167728e-05
7.152929174480959773e-05
2.049278118647634983e-04
1.049564234563149512e-04
1.728516799630597234e-04
2.266768569825217128e-05
1.171161275124177337e-04
3.598811963456682861e-05
6.176892929943278432e-05
2.738388866418972611e-05
5.337693146429955959e-04
3.718519292306154966e-05
3.140614426229149103e-04
6.851324724266305566e-05
3.034760593436658382e-04
1.813893206417560577e-02
3.961822221754118800e-05
1.123639740399084985e-04
9.259767248295247555e-04
2.355238684685900807e-04
2.634431875776499510e-04
1.695117389317601919e-04
1.336170971626415849e-04
6.158337055239826441e-05
4.253786028129979968e-05
1.754595286911353469e-04
5.616181078949011862e-05
3.430260403547435999e-05
2.621042585815303028e-05
1.161000691354274750e-04
4.203815385699272156e-02
7.546252163592725992e-05
8.571732905693352222e-05
5.650570528814569116e-05
2.047201633104123175e-05
1.563383411848917603e-04
1.952851016540080309e-05
3.193834330886602402e-03
1.210273549077101052e-04
6.800477422075346112e-05
2.597051206976175308e-04
3.205969114787876606e-04
3.475806734059005976e-04
7.373185508185997605e-05
1.024413577397353947e-04
2.653907577041536570e-04
5.490513518452644348e-03
6.996376032475382090e-05
1.740814768709242344e-04
5.086517776362597942e-04
2.809426048770546913e-03
1.269793756364379078e-05
1.402042340487241745e-03
3.202256339136511087e-04
4.553291480988264084e-03
4.320512234698981047e-04
8.809585706330835819e-04
3.059468581341207027e-04
6.130440160632133484e-04
3.941115573979914188e-05
6.066966452635824680e-04
4.329374860390089452e-05
9.524679626338183880e-05
4.238738620188087225e-05
6.273325561778619885e-05
3.341753836139105260e-05
3.716080100275576115e-04
8.342611545231193304e-05
3.213540185242891312e-05
6.727910658810287714e-05
5.772014264948666096e-04
1.282855955651029944e-04
1.431943965144455433e-04
1.459787599742412567e-04
4.600674728862941265e-04
6.899591971887275577e-05
2.654600211826618761e-05
1.183502317871898413e-04
2.643277184688486159e-05
3.881281736539676785e-05
1.921275834320113063e-04
1.994994963752105832e-04
6.166494858916848898e-05
2.930740447482094169e-05
1.017145041259936988e-05
2.602727035991847515e-04
1.098424254450947046e-04
1.934549982252065092e-05
1.135653510573320091e-04
7.162806286942213774e-05
2.269005562993697822e-05
2.781640068860724568e-05
1.299697032663971186e-05
3.159760090056806803e-04
3.139380351058207452e-05
4.357487341621890664e-05
3.589763946365565062e-05
2.094717456202488393e-05
6.107539229560643435e-05
3.174018638674169779e-05
5.079319817014038563e-05
1.234777504578232765e-03
2.210597886005416512e-04
1.477789628552272916e-04
4.899013219983316958e-05
1.883439472294412553e-05
2.991415385622531176e-04
3.511504328344017267e-04
7.037348950689192861e-06
1.706479451968334615e-05
6.491854037449229509e-06
6.398468394763767719e-05
9.036401024786755443e-06
1.331779058091342449e-04
1.437919763702666387e-05
2.052998752333223820e-05
4.129960434511303902e-04
1.081329719454515725e-05
3.693996404763311148e-05
2.737328031798824668e-05
7.103627081960439682e-03
2.536380998208187521e-05
1.365708594676107168e-04
2.031950134551152587e-05
1.238115015439689159e-03
2.154438152501825243e-05
9.575006697559729218e-05
8.422107930527999997e-05
1.965933552128262818e-05
1.324382901657372713e-04
2.123335798387415707e-05
4.237370158080011606e-04
9.539437996863853186e-06
9.668237180449068546e-04
6.112571281846612692e-05
1.184185675811022520e-04
1.738157516228966415e-05
3.464153269305825233e-05
1.452179640182293952e-05
5.097184475744143128e-05
3.012831621163059026e-05
4.269532291800715029e-05
2.857233994291163981e-05
4.827102020499296486e-05
1.626319135539233685e-05
1.114135102397995070e-05
2.655887277796864510e-03
1.386883559462148696e-05
1.936036278493702412e-04
3.064111515413969755e-04
6.084686901886016130e-05
4.073666408658027649e-03
2.381025296926964074e-05
6.545944052049890161e-05
3.816340176854282618e-05
1.026821191771887243e-04
1.377238004351966083e-05
1.537431089673191309e-04
1.706952389213256538e-05
9.727418728289194405e-06
2.376882912358269095e-05
2.065364060399588197e-05
2.267796298838220537e-05
4.390369213069789112e-05
2.553577542130369693e-05
1.242091002495726570e-05
1.347520083072595298e-05
1.586720100021921098e-05
8.623660505691077560e-06
1.326753681496484205e-05
1.462666295992676169e-05
2.146441511285956949e-05
2.898604361689649522e-05
8.177057679858990014e-06
1.434357909602113068e-05
1.644141411816235632e-05
7.032048597466200590e-05
1.700544671621173620e-04
2.766268698906060308e-05
7.453112048096954823e-04
6.342977285385131836e-04
1.212054849020205438e-05
1.401313784299418330e-04
1.160087762400507927e-03
2.057914934994187206e-05
3.100612957496196032e-05
2.024666900979354978e-05
1.926696495502255857e-05
3.785479930229485035e-04
6.404914893209934235e-04
1.465951390855479985e-05
3.025733894901350141e-05
2.376959309913218021e-05
2.665083411557134241e-05
2.617047357489354908e-05
2.171444248233456165e-05
4.111132511752657592e-05
1.185572000395040959e-05
1.034920023812446743e-05
8.043866546358913183e-05
1.599642018845770508e-05
9.384273653267882764e-06
7.074985187500715256e-04
8.713630813872441649e-05
2.550222270656377077e-04
2.208702644566074014e-04
3.330321851535700262e-05
6.321879482129588723e-06
1.202744624606566504e-05
1.103622344089671969e-05
2.866499744413886219e-05
3.916412970284000039e-05
3.505029599182307720e-04
2.269107426400296390e-05
8.979255653684958816e-06
6.693633622489869595e-05
5.976338434265926480e-05
1.791523936844896525e-05
2.419000156805850565e-05
1.699544918665196747e-05
5.911477637710049748e-05
4.441712007974274457e-06
1.452126525691710413e-05
4.142292164033278823e-05
1.641840208321809769e-05
3.448209099587984383e-05
1.141436132456874475e-05
1.697005209280177951e-04
3.685586561914533377e-04
6.125846994109451771e-05
1.469911425374448299e-03
5.092963328934274614e-05
1.615056316950358450e-05
2.942984865512698889e-04
5.722940477426163852e-05
1.031332067213952541e-04
7.495594763895496726e-05
2.464452700223773718e-05
8.336272003361955285e-06
1.204878935823217034e-05
1.043278607539832592e-04
2.885738285840488970e-05
1.281706136069260538e-05
2.982769728987477720e-05
5.689065437763929367e-03
1.692189289315138012e-05
3.753777127712965012e-05
3.665718759293667972e-05
6.804631993873044848e-06
2.642025719978846610e-05
4.647143214242532849e-05
7.599300442961975932e-05
1.363284172839485109e-05
9.824875451158732176e-05
