3.605881118774414062e+01
4.693739891052246094e+00
2.216624975204467773e+00
5.144810199737548828e+00
5.691830158233642578e+00
1.335992932319641113e+00
1.719729423522949219e+00
9.437718391418457031e-01
8.854626417160034180e-01
2.323930978775024414e+00
1.972934126853942871e+00
5.466924309730529785e-01
4.972613155841827393e-01
1.765943765640258789e+00
5.570697188377380371e-01
2.596175372600555420e-01
5.195865154266357422e+00
2.909986972808837891e-01
4.311353862285614014e-01
1.909688562154769897e-01
1.146101832389831543e+00
2.445954561233520508e+00
2.582176625728607178e-01
5.863348841667175293e-01
1.458247303962707520e-01
2.386988699436187744e-01
4.320863783359527588e-01
8.801784366369247437e-02
1.121428534388542175e-01
1.551876068115234375e-01
3.093558311462402344e+00
3.669526875019073486e-01
2.686963975429534912e-01
4.788344800472259521e-01
3.944391012191772461e-01
1.374694854021072388e-01
5.230595469474792480e-01
1.842916905879974365e-01
6.599972844123840332e-01
2.065958231687545776e-01
1.297502219676971436e-01
1.113813757896423340e+00
1.426437497138977051e-01
4.373313784599304199e-01
5.157583355903625488e-01
1.495829969644546509e-01
1.990035921335220337e-01
8.719415217638015747e-02
2.008932828903198242e-01
1.550417989492416382e-01
7.364562153816223145e-01
1.264977604150772095e-01
3.455695509910583496e-01
1.363104432821273804e-01
8.196117728948593140e-02
1.137605160474777222e-01
4.734047055244445801e-01
5.622019767761230469e-01
1.944713145494461060e-01
2.703304886817932129e-01
7.872840762138366699e-02
1.546037197113037109e+00
2.135846167802810669e-01
1.092442199587821960e-01
6.917791068553924561e-02
1.133365035057067871e-01
8.759010434150695801e-01
1.189617365598678589e-01
7.548978924751281738e-01
2.364272028207778931e-01
3.930792957544326782e-02
3.633338809013366699e-01
6.822320818901062012e-02
4.187645912170410156e-01
1.396266072988510132e-01
4.681269526481628418e-01
5.168340206146240234e-01
1.643729358911514282e-01
1.301471740007400513e-01
1.299999058246612549e-01
6.106708943843841553e-02
4.639081358909606934e-01
7.578925788402557373e-02
1.770089566707611084e-01
1.238769590854644775e-01
4.519125819206237793e-02
4.179785728454589844e+00
3.150859475135803223e-01
2.701352238655090332e-01
6.542454659938812256e-02
8.101148009300231934e-01
1.241639852523803711e-01
8.587127178907394409e-02
2.194656372070312500e+00
6.401084661483764648e-01
2.176005393266677856e-02
3.425277471542358398e-01
1.161626204848289490e-01
1.285470128059387207e+00
4.944851398468017578e-01
3.177061080932617188e-01
1.886184960603713989e-01
1.130910739302635193e-01
3.070151567459106445e+00
3.837979137897491455e-01
8.398356288671493530e-02
9.533821046352386475e-02
1.421324312686920166e-01
4.617393389344215393e-02
4.060614109039306641e-01
3.035713732242584229e-01
2.135220617055892944e-01
1.137295737862586975e-01
7.715594768524169922e-02
1.993654668331146240e-01
4.049890637397766113e-01
1.734138488769531250e+00
1.344769150018692017e-01
1.695529371500015259e-01
7.382664084434509277e-02
1.255531907081604004e-01
6.020084619522094727e-01
3.755275905132293701e-01
1.760830134153366089e-01
4.048543274402618408e-01
3.146768808364868164e-01
3.881148099899291992e-01
8.366627991199493408e-02
1.539356559514999390e-01
1.682479095458984375e+01
2.492070198059082031e+00
2.629511594772338867e+00
1.319741249084472656e+00
1.024593263864517212e-01
6.226887106895446777e-01
1.282080560922622681e-01
7.551036030054092407e-02
2.999009490013122559e-01
2.820473670959472656e+00
1.987672448158264160e-01
5.659615248441696167e-02
2.548392713069915771e-01
7.885420322418212891e-02
3.724057972431182861e-01
1.384514868259429932e-01
8.598781585693359375e+00
2.549183845520019531e+00
2.237938940525054932e-01
4.091708064079284668e-01
3.332444906234741211e+00
4.478594064712524414e-01
4.313247799873352051e-01
2.460603266954421997e-01
1.705358028411865234e-01
8.972717821598052979e-02
2.169674634933471680e-01
1.934041082859039307e-01
5.603867173194885254e-01
3.454854786396026611e-01
3.660265803337097168e-01
1.036802530288696289e+00
2.111247479915618896e-01
2.456153869628906250e+00
2.799530625343322754e-01
7.600105404853820801e-01
5.373991131782531738e-01
2.792179286479949951e-01
1.305413097143173218e-01
1.145105957984924316e+00
8.458391427993774414e-01
1.296283900737762451e-01
3.109436631202697754e-01
1.484957635402679443e-01
7.288531064987182617e-01
2.301211506128311157e-01
2.637024819850921631e-01
4.240730404853820801e-01
1.880164891481399536e-01
2.067077308893203735e-01
2.393179386854171753e-01
1.423242092132568359e-01
4.164447486400604248e-01
2.575072050094604492e+00
3.867035508155822754e-01
2.007431983947753906e-01
7.538236379623413086e-01
2.000536918640136719e-01
5.491264536976814270e-02
3.531588017940521240e-01
3.717631697654724121e-01
1.121792569756507874e-01
6.568109393119812012e-01
6.178925633430480957e-01
1.708944439888000488e-01
6.640818715095520020e-01
1.350808382034301758e+00
1.471369564533233643e-01
6.184152960777282715e-01
3.263384997844696045e-01
1.545225381851196289e-01
3.404972329735755920e-02
6.522950530052185059e-02
8.472191542387008667e-02
1.339484900236129761e-01
2.158977508544921875e+00
1.015310809016227722e-01
1.397135853767395020e-01
9.762237779796123505e-03
1.283095180988311768e-01
1.495946943759918213e-01
6.495205312967300415e-02
1.390328258275985718e-01
1.325191259384155273e-01
4.942886903882026672e-02
3.586954995989799500e-02
1.113172993063926697e-01
4.919575154781341553e-01
3.852178528904914856e-02
9.476205334067344666e-03
9.458639472723007202e-02
4.815435409545898438e-02
5.960951000452041626e-02
1.131273526698350906e-02
3.729308769106864929e-02
6.281581521034240723e-02
5.171237885951995850e-02
1.659974269568920135e-02
2.458840608596801758e-02
1.054833084344863892e-01
1.393608897924423218e-01
3.808193653821945190e-02
9.281556308269500732e-02
2.750869467854499817e-02
1.136972196400165558e-02
5.731421709060668945e-02
1.125815957784652710e-01
1.243806816637516022e-02
1.095555350184440613e-02
1.021505892276763916e-01
4.141859710216522217e-02
6.032138317823410034e-02
4.590249806642532349e-02
1.084619686007499695e-01
3.764848411083221436e-02
1.898328304290771484e+00
2.051008865237236023e-02
8.721356093883514404e-02
5.361514165997505188e-02
7.426053751260042191e-03
3.252326697111129761e-02
1.848470978438854218e-02
4.189597070217132568e-02
2.814936824142932892e-02
3.720086812973022461e-02
2.945972979068756104e-02
1.927116140723228455e-02
5.237432569265365601e-02
4.700747877359390259e-02
3.191806375980377197e-02
1.964315399527549744e-02
6.870728731155395508e-02
3.576438501477241516e-02
7.689373102039098740e-03
1.394740212708711624e-02
2.130624093115329742e-02
2.697530388832092285e-02
8.301144838333129883e-02
3.685774803161621094e-01
9.823904931545257568e-02
1.025306433439254761e-01
7.491716183722019196e-03
1.217350438237190247e-01
3.156873583793640137e-02
4.119724631309509277e-01
1.734443008899688721e-02
2.202977985143661499e-02
3.252256512641906738e-01
1.340214814990758896e-02
8.153177797794342041e-02
2.614488452672958374e-02
2.830592170357704163e-02
1.546943932771682739e-01
3.513948246836662292e-02
3.928995504975318909e-02
4.449894651770591736e-02
1.354344785213470459e-01
1.217769272625446320e-02
1.785128563642501831e-02
1.007159706205129623e-02
1.080014407634735107e-01
4.782630503177642822e-02
1.244561001658439636e-02
2.265940606594085693e-02
6.480886042118072510e-02
1.079809069633483887e-01
1.170611567795276642e-02
2.034096419811248779e-02
3.032415173947811127e-02
1.469131372869014740e-02
5.099640041589736938e-02
1.416413784027099609e-01
3.859022259712219238e-02
9.190429747104644775e-02
9.378084540367126465e-02
4.842375218868255615e-02
2.386534027755260468e-02
1.462623476982116699e-01
3.461670503020286560e-02
2.694249525666236877e-02
4.588582813739776611e-01
3.595490008592605591e-02
4.315133765339851379e-02
3.148272261023521423e-02
3.363268077373504639e-02
2.768761292099952698e-02
6.750263273715972900e-02
1.062032133340835571e-01
2.287455648183822632e-02
4.436773061752319336e-01
2.101244404911994934e-02
9.197565168142318726e-02
7.904995977878570557e-02
3.915277123451232910e-02
4.570177942514419556e-02
4.868997260928153992e-02
3.492776304483413696e-02
2.083080708980560303e-01
1.616527289152145386e-01
7.696497440338134766e-02
1.933522708714008331e-02
1.522488474845886230e+00
2.248856052756309509e-02
1.854372769594192505e-02
4.442632943391799927e-02
1.119713783264160156e-01
4.870710521936416626e-02
4.358084499835968018e-02
4.876818507909774780e-02
3.044509887695312500e-02
3.535047918558120728e-02
1.261922121047973633e-01
4.172433912754058838e-02
2.723339200019836426e-02
3.684394806623458862e-02
6.398484110832214355e-02
2.047937512397766113e-01
1.508847065269947052e-02
2.239069715142250061e-02
7.028791308403015137e-02
2.397729642689228058e-02
4.012104496359825134e-02
1.222133487462997437e-01
1.227180436253547668e-01
2.306499518454074860e-02
2.003629952669143677e-01
4.557456448674201965e-02
1.344054099172353745e-02
4.035404324531555176e-02
3.482782468199729919e-02
4.602611064910888672e-02
2.799390256404876709e-01
2.548886276781558990e-02
3.379858285188674927e-02
5.659886449575424194e-02
7.363905012607574463e-02
2.857532724738121033e-02
1.190223321318626404e-01
2.935528382658958435e-02
1.257604546844959259e-02
2.340455651283264160e-01
1.056871190667152405e-01
4.508423060178756714e-02
2.793010711669921875e+00
4.743725061416625977e-02
5.195696651935577393e-02
2.520725689828395844e-02
1.552466861903667450e-02
1.589784920215606689e-01
6.690134853124618530e-02
4.516674578189849854e-02
1.145440787076950073e-01
5.513171106576919556e-02
3.851401433348655701e-02
7.897115498781204224e-02
1.613346114754676819e-02
1.261208765208721161e-02
4.568516463041305542e-02
2.055997960269451141e-02
2.422108128666877747e-02
6.831863522529602051e-02
4.852803424000740051e-02
1.216919347643852234e-02
1.451340038329362869e-02
3.557574748992919922e-01
4.412370920181274414e-02
5.215573310852050781e-02
3.659265115857124329e-02
2.680175751447677612e-02
7.031506299972534180e-02
1.741041615605354309e-02
1.679209060966968536e-02
5.866296589374542236e-02
1.455881632864475250e-02
9.262837469577789307e-03
4.362074658274650574e-03
1.736101508140563965e-02
6.650385446846485138e-03
1.121726073324680328e-02
4.992614500224590302e-03
3.506830660626292229e-03
2.444131858646869659e-02
2.430785680189728737e-03
1.224128995090723038e-02
1.372084952890872955e-02
8.371204137802124023e-03
3.078175522387027740e-02
1.036352384835481644e-02
2.010442130267620087e-02
6.411589682102203369e-03
4.498379305005073547e-03
5.961792543530464172e-03
1.031345315277576447e-02
6.650812923908233643e-03
4.925662185996770859e-03
9.218581020832061768e-03
3.074561478570103645e-03
5.569917149841785431e-03
9.370316751301288605e-03
9.978312300518155098e-04
1.237130258232355118e-03
4.870839416980743408e-03
4.399924539029598236e-03
1.048656087368726730e-02
1.843836274929344654e-03
6.010982673615217209e-03
8.473142981529235840e-03
9.249822236597537994e-03
6.988216191530227661e-03
6.049819756299257278e-03
2.415874740108847618e-03
2.389269880950450897e-02
1.146397273987531662e-02
3.645296022295951843e-02
4.399153403937816620e-03
2.793980296701192856e-03
2.874333411455154419e-02
6.114725954830646515e-03
4.029549658298492432e-02
1.161099784076213837e-02
1.545068924315273762e-03
1.651103049516677856e-02
5.919508635997772217e-03
3.005561651661992073e-03
2.581756329163908958e-03
2.976702060550451279e-03
3.399133216589689255e-03
1.064480631612241268e-03
7.211301941424608231e-03
1.072019711136817932e-02
1.072823069989681244e-03
3.677992150187492371e-03
3.257496980950236320e-03
2.914228476583957672e-03
1.926206867210566998e-03
4.759354982525110245e-03
2.916548866778612137e-03
4.216247703880071640e-03
3.635600209236145020e-03
1.187805319204926491e-03
1.782728126272559166e-03
4.649489652365446091e-03
3.619341179728507996e-03
6.169573869556188583e-03
8.024339331313967705e-04
2.040480729192495346e-03
2.684332663193345070e-03
3.367479424923658371e-03
1.302516437135636806e-03
2.064222469925880432e-03
2.348733367398381233e-03
1.975779607892036438e-02
1.043104194104671478e-02
2.020929940044879913e-03
1.445506932213902473e-03
3.713152138516306877e-03
1.340194419026374817e-02
9.641614742577075958e-04
2.184320939704775810e-03
9.524297900497913361e-03
1.936580799520015717e-02
1.296642981469631195e-02
6.213293410837650299e-03
1.214956049807369709e-03
6.916448008269071579e-03
3.322018077597022057e-03
3.676876192912459373e-03
1.324859913438558578e-03
4.117452539503574371e-03
7.730495650321245193e-03
4.459644667804241180e-03
2.705196477472782135e-02
1.830101758241653442e-02
1.765594817698001862e-02
1.445258408784866333e-02
1.131942309439182281e-02
1.833133958280086517e-02
1.110394857823848724e-02
4.933479707688093185e-03
3.888517152518033981e-03
6.763106212019920349e-03
1.077781710773706436e-02
1.462941616773605347e-02
6.767513230443000793e-03
4.064136650413274765e-03
4.135873168706893921e-02
6.919756531715393066e-03
7.720896974205970764e-03
2.809208817780017853e-03
5.878854542970657349e-03
3.902816679328680038e-03
2.357052639126777649e-02
2.619642531499266624e-03
1.236615423113107681e-02
6.136734969913959503e-03
1.274912524968385696e-02
6.645212415605783463e-03
6.875857710838317871e-03
3.371451515704393387e-03
5.488591268658638000e-03
6.084579508751630783e-04
1.046047359704971313e-02
1.133619528263807297e-02
8.572338148951530457e-03
2.671588445082306862e-03
5.772637948393821716e-02
5.775913596153259277e-03
1.290216669440269470e-02
7.051422726362943649e-03
4.745383746922016144e-03
1.004323549568653107e-02
5.790411960333585739e-03
3.479867428541183472e-02
4.851264413446187973e-03
2.641393570229411125e-03
2.356285154819488525e-01
5.200329236686229706e-03
4.482198506593704224e-03
6.191750522702932358e-03
1.445552147924900055e-02
3.971290308982133865e-03
5.699767265468835831e-03
5.261620506644248962e-03
1.221105735749006271e-02
3.550377208739519119e-03
8.199933916330337524e-03
3.993146587163209915e-03
8.437727577984333038e-03
4.325796850025653839e-03
3.560635028406977654e-03
2.401477191597223282e-03
3.171221120283007622e-03
1.846141926944255829e-02
9.451723657548427582e-03
1.158493803814053535e-03
6.116365082561969757e-03
1.749642752110958099e-02
6.097102072089910507e-03
2.262001624330878258e-03
6.005319766700267792e-03
7.939122617244720459e-03
1.698028109967708588e-02
1.236640289425849915e-02
8.321641944348812103e-03
1.110742148011922836e-02
8.957001380622386932e-03
1.406404376029968262e-02
6.258325185626745224e-03
1.827178150415420532e-02
1.226312480866909027e-03
1.358013227581977844e-02
5.955445580184459686e-03
5.057665519416332245e-03
5.004557780921459198e-03
1.251308806240558624e-02
2.089932002127170563e-02
9.428612142801284790e-02
1.767133479006588459e-03
1.926961122080683708e-03
1.690724864602088928e-03
2.294401451945304871e-02
1.645926013588905334e-02
1.689545926637947559e-03
1.741604181006550789e-03
3.405662719160318375e-03
2.092734444886445999e-03
1.623062230646610260e-02
2.448350656777620316e-03
2.962391078472137451e-02
1.538633834570646286e-03
8.009952493011951447e-03
3.489605849608778954e-03
5.557866301387548447e-03
4.918002989143133163e-03
4.285185597836971283e-03
4.430852830410003662e-03
2.589602489024400711e-03
7.853932329453527927e-04
7.535791024565696716e-03
1.207845844328403473e-02
2.003465779125690460e-03
2.523675095289945602e-03
2.433508634567260742e-03
2.336904406547546387e-02
1.942036300897598267e-02
1.376732485368847847e-03
3.784334054216742516e-03
1.762093743309378624e-03
5.102216266095638275e-03
6.263923831284046173e-03
7.934089750051498413e-03
1.611736137419939041e-03
4.356298595666885376e-03
1.015420421026647091e-03
1.346624805592000484e-03
1.747380709275603294e-03
1.504542538896203041e-03
2.336138859391212463e-03
2.073900308459997177e-03
1.417012419551610947e-03
1.743026077747344971e-03
1.948597258888185024e-03
1.009623985737562180e-03
2.198931062594056129e-03
2.551814774051308632e-03
2.668909728527069092e-03
1.443354412913322449e-03
1.732042524963617325e-03
1.711699529550969601e-03
3.090100362896919250e-03
1.286154962144792080e-03
1.632910571061074734e-03
2.564259106293320656e-03
2.468401100486516953e-03
3.273503854870796204e-03
8.008728036656975746e-04
7.981083355844020844e-03
1.388180302456021309e-03
1.406800118274986744e-03
1.610216451808810234e-03
5.201836116611957550e-03
7.262235973030328751e-03
2.501980401575565338e-03
6.840601563453674316e-04
4.326326772570610046e-03
4.847200470976531506e-04
1.209349953569471836e-03
5.360813345760107040e-03
2.367852488532662392e-03
1.980389235541224480e-03
1.643672119826078415e-03
1.160632236860692501e-03
2.607491565868258476e-03
1.520673627965152264e-03
3.533923998475074768e-03
6.614803336560726166e-03
3.175567137077450752e-03
9.061804041266441345e-03
6.385921151377260685e-04
9.910101071000099182e-04
1.152101438492536545e-03
1.778430771082639694e-03
4.142975900322198868e-03
1.442539389245212078e-03
1.351433573290705681e-03
7.211649790406227112e-04
1.433958183042705059e-03
9.055270347744226456e-04
1.195224700495600700e-03
7.108368910849094391e-03
7.213912904262542725e-04
3.571806475520133972e-03
3.646123223006725311e-03
1.121967099606990814e-03
2.583122113719582558e-03
7.636755239218473434e-03
1.162729226052761078e-03
1.292859087698161602e-03
5.789277143776416779e-03
5.290063098073005676e-03
1.740987878292798996e-03
9.018467972055077553e-04
1.010632724501192570e-03
2.427348634228110313e-03
1.743765315040946007e-03
3.960737376473844051e-04
1.451135845854878426e-03
2.861854620277881622e-03
2.048320136964321136e-03
1.749122748151421547e-03
2.692711306735873222e-03
4.968567937612533569e-02
6.421830970793962479e-03
6.418297998607158661e-03
7.512127980589866638e-03
6.990800611674785614e-03
8.076241239905357361e-03
5.549586378037929535e-03
1.107248198240995407e-02
1.104503870010375977e-02
2.286442555487155914e-03
4.986254032701253891e-03
2.404173836112022400e-03
3.091580234467983246e-03
1.428559422492980957e-01
1.877272618003189564e-03
2.444453071802854538e-03
3.587442217394709587e-03
2.829833887517452240e-03
3.515440598130226135e-02
1.882354845292866230e-03
3.226197790354490280e-03
2.430139575153589249e-03
2.175216563045978546e-03
2.481924835592508316e-03
3.626135876402258873e-03
2.539335191249847412e-02
1.341833081096410751e-02
7.357589900493621826e-03
6.832589861005544662e-03
8.905552094802260399e-04
4.959152545779943466e-03
2.205418422818183899e-03
1.573920063674449921e-02
2.367198001593351364e-03
1.192509662359952927e-02
2.596053481101989746e-02
2.382139675319194794e-03
1.914232224225997925e-02
9.739580564200878143e-04
1.085842251777648926e+00
2.703186590224504471e-03
5.303097423166036606e-03
2.811366925016045570e-03
5.869444925338029861e-03
3.371332073584198952e-03
2.834391780197620392e-03
1.911641214974224567e-03
2.103207400068640709e-03
1.574662281200289726e-03
3.576420713216066360e-03
1.004768610000610352e-01
5.798007361590862274e-03
2.236521802842617035e-03
1.581555348820984364e-03
4.914861172437667847e-03
2.298674313351511955e-03
5.128106102347373962e-03
4.267899785190820694e-03
1.711898483335971832e-03
6.008280441164970398e-03
3.659153357148170471e-03
8.904240094125270844e-03
5.542681552469730377e-03
2.632489893585443497e-03
3.410428995266556740e-03
3.090501762926578522e-03
1.747882692143321037e-03
3.878683783113956451e-03
5.394392646849155426e-03
6.713960319757461548e-03
2.096853917464613914e-03
3.125109244138002396e-03
8.998642675578594208e-03
4.402013029903173447e-03
2.371272072196006775e-03
1.213894574902951717e-03
3.740672487765550613e-03
8.077018894255161285e-03
1.153093529865145683e-03
5.478081293404102325e-03
9.628225117921829224e-03
4.394383635371923447e-03
2.727403538301587105e-03
1.271985587663948536e-03
2.513969549909234047e-03
1.943650306202471256e-03
2.386938314884901047e-03
6.345328874886035919e-03
1.361693837679922581e-03
2.049643080681562424e-03
1.189902890473604202e-03
1.423821435309946537e-03
3.447724971920251846e-03
1.094046980142593384e-02
2.367201633751392365e-02
3.885020269080996513e-03
1.891604159027338028e-03
4.115423653274774551e-03
9.130548569373786449e-04
8.578415028750896454e-03
5.316020920872688293e-03
5.513661075383424759e-03
3.975752275437116623e-03
1.018268242478370667e-02
3.420528024435043335e-03
4.159121308475732803e-03
1.355762686580419540e-02
2.573715290054678917e-03
4.485023207962512970e-03
1.809780951589345932e-03
1.977787353098392487e-03
7.794230245053768158e-03
3.724143840372562408e-03
2.379054389894008636e-02
3.738200291991233826e-03
3.547204658389091492e-03
2.485244534909725189e-03
4.976532887667417526e-03
6.063166074454784393e-03
4.398716613650321960e-03
2.340043894946575165e-03
9.485945920459926128e-04
3.913327120244503021e-03
3.341636853292584419e-03
1.481144223362207413e-03
2.778828144073486328e-03
6.416634423658251762e-04
1.650687423534691334e-03
1.729549723677337170e-03
3.837579861283302307e-03
1.648435136303305626e-03
1.986826304346323013e-03
2.181255258619785309e-03
7.273057941347360611e-03
2.143336925655603409e-03
1.509665511548519135e-03
1.654728199355304241e-03
1.716517726890742779e-03
6.315058562904596329e-03
1.436002086848020554e-03
9.851916693150997162e-04
2.008075825870037079e-03
1.493336632847785950e-03
1.382978749461472034e-03
1.396578503772616386e-03
1.413726713508367538e-03
1.550556393340229988e-03
1.577624119818210602e-03
8.591917576268315315e-04
2.318614628165960312e-03
1.849708613008260727e-03
2.898283069953322411e-03
1.430372241884469986e-03
1.261415658518671989e-03
1.631788210943341255e-03
1.599740586243569851e-03
3.542152699083089828e-03
1.168660121038556099e-03
1.271532615646719933e-03
1.070909667760133743e-03
2.585361944511532784e-03
2.086099004372954369e-03
1.667012926191091537e-03
1.898504793643951416e-03
1.874235691502690315e-03
1.248818822205066681e-03
1.484920969232916832e-03
1.671059639193117619e-03
8.052111370489001274e-04
1.771738287061452866e-03
8.767545805312693119e-04
1.952104270458221436e-03
1.111286343075335026e-03
6.770697655156254768e-04
6.129077519290149212e-04
9.196846513077616692e-04
8.793714223429560661e-04
2.484133001416921616e-03
1.688759424723684788e-03
1.305892597883939743e-03
2.798877190798521042e-03
1.244415761902928352e-03
7.487093098461627960e-03
1.647422323003411293e-03
1.942234113812446594e-03
1.143222674727439880e-03
8.468175074085593224e-04
2.113581867888569832e-03
1.080303918570280075e-03
2.164639066904783249e-03
1.229255925863981247e-03
3.596309397835284472e-04
8.251240942627191544e-04
9.427932673133909702e-04
7.258146652020514011e-04
1.887131249532103539e-03
1.730948919430375099e-03
9.550070390105247498e-04
8.739722543396055698e-04
1.402221387252211571e-03
6.582229398190975189e-03
2.907958347350358963e-03
5.199786275625228882e-03
3.546324744820594788e-02
4.437886644154787064e-03
8.656099438667297363e-03
1.489422866143286228e-03
1.974547514691948891e-03
5.034083966165781021e-03
3.955879248678684235e-03
3.576611634343862534e-03
2.118736505508422852e-02
1.055494509637355804e-02
3.529800567775964737e-03
3.668167162686586380e-03
2.173549728468060493e-03
1.808764645829796791e-03
2.313303761184215546e-03
1.838416792452335358e-03
2.494694432243704796e-03
1.665940857492387295e-03
2.276489976793527603e-03
2.632910385727882385e-03
2.771402942016720772e-03
3.139338223263621330e-03
2.492772415280342102e-03
2.821689005941152573e-03
8.505847072228789330e-04
5.825084634125232697e-03
1.547039020806550980e-03
2.042067702859640121e-03
1.356080058030784130e-03
1.822148915380239487e-03
9.300018660724163055e-03
3.026532474905252457e-03
1.399787375703454018e-03
1.605982892215251923e-03
7.482756394892930984e-03
2.206052187830209732e-03
3.837331198155879974e-03
2.458818256855010986e-03
1.137836370617151260e-03
6.821387913078069687e-03
2.144768601283431053e-03
7.716316031292080879e-04
4.509402904659509659e-03
2.239949069917201996e-03
8.888933807611465454e-03
4.626355133950710297e-03
1.527158194221556187e-03
1.367575488984584808e-03
1.302146119996905327e-03
3.629534272477030754e-03
1.215787255205214024e-03
8.198772557079792023e-04
4.213586915284395218e-03
2.362950239330530167e-03
2.667761640623211861e-03
2.367113018408417702e-03
1.677764696069061756e-03
2.157302806153893471e-03
7.382077747024595737e-04
1.478611258789896965e-03
1.652538776397705078e-03
7.311582448892295361e-04
2.051904331892728806e-03
4.282186273485422134e-03
1.221056329086422920e-03
1.182483509182929993e-03
8.561300346627831459e-04
2.713487949222326279e-03
2.132844179868698120e-03
1.770666684024035931e-03
1.486093038693070412e-03
1.472246716730296612e-03
5.614769179373979568e-04
8.196488488465547562e-04
2.575042657554149628e-03
1.289557898417115211e-03
2.278614323586225510e-03
4.637321457266807556e-03
8.537561516277492046e-04
1.193885691463947296e-03
3.477866062894463539e-03
1.117355423048138618e-03
1.131841330789029598e-03
5.660671740770339966e-04
7.696411339566111565e-04
1.172780524939298630e-02
3.516783472150564194e-03
1.291592139750719070e-03
1.611443934962153435e-03
1.004400779493153095e-03
6.082869367673993111e-04
9.672840242274105549e-04
4.462876822799444199e-04
1.302436226978898048e-03
2.485831268131732941e-03
1.104223076254129410e-03
1.369983889162540436e-03
