6.362030982971191406e+00
9.216487884521484375e+00
1.073820352554321289e+00
6.403147578239440918e-01
1.635133743286132812e+01
1.120487570762634277e+00
9.455806761980056763e-02
1.716693490743637085e-01
6.253445148468017578e-01
4.142468869686126709e-01
9.669492393732070923e-02
8.161050081253051758e-02
8.522700518369674683e-02
7.171481251716613770e-01
1.058968678116798401e-01
7.711901329457759857e-03
2.751790523529052734e+00
2.755471765995025635e-01
4.206181764602661133e-01
4.075502753257751465e-01
1.728314012289047241e-01
3.507645428180694580e-01
8.198229223489761353e-02
3.127087056636810303e-01
5.646833777427673340e-02
1.414972692728042603e-01
1.533395051956176758e-01
3.225898265838623047e+00
1.718113720417022705e-01
9.479206055402755737e-02
1.307891309261322021e-01
4.650452435016632080e-01
5.207347124814987183e-02
8.258778601884841919e-02
2.731838524341583252e-01
7.012656331062316895e-02
1.394262015819549561e-01
4.237528145313262939e-01
5.487685650587081909e-02
8.893920481204986572e-02
7.047870755195617676e-02
2.386830747127532959e-01
1.850886940956115723e-01
8.184509724378585815e-02
3.161494433879852295e-02
1.210808828473091125e-01
4.789868369698524475e-02
2.171901166439056396e-01
3.169234395027160645e-01
1.523532718420028687e-01
2.180666178464889526e-01
1.832759529352188110e-01
2.150537520647048950e-01
8.982348442077636719e-02
1.550063583999872208e-02
2.092647314071655273e+00
1.231169402599334717e-01
8.652187883853912354e-02
9.321608394384384155e-02
2.092458605766296387e-01
1.831446401774883270e-02
5.879532173275947571e-02
1.132020354270935059e-01
3.032823279500007629e-02
3.422980383038520813e-02
3.358540832996368408e-01
2.667065858840942383e-01
8.191938400268554688e-01
8.563265204429626465e-03
1.165768429636955261e-01
6.676898896694183350e-02
3.548880806192755699e-03
6.017318367958068848e-01
1.963374167680740356e-01
1.594875603914260864e-01
2.670609056949615479e-01
4.346456527709960938e-01
1.356761343777179718e-02
1.125405821949243546e-02
4.020515456795692444e-02
5.889858305454254150e-02
3.968166932463645935e-02
6.141379475593566895e-01
3.776750341057777405e-02
3.536267206072807312e-02
1.168642714619636536e-01
1.127589195966720581e-01
1.180192735046148300e-02
1.191334705799818039e-02
7.916957139968872070e-03
4.271974042057991028e-02
2.057441473007202148e-01
1.650335043668746948e-01
4.510265961289405823e-02
2.354369685053825378e-02
3.875945508480072021e-01
2.043573744595050812e-02
3.306166231632232666e-01
2.870887890458106995e-02
2.091385841369628906e+00
1.481442991644144058e-02
1.508542522788047791e-02
9.122076630592346191e-02
1.620271615684032440e-02
1.216700859367847443e-02
3.740298096090555191e-03
1.490536145865917206e-02
6.763708312064409256e-03
9.223089367151260376e-02
4.188406746834516525e-03
2.245470881462097168e-02
3.079028129577636719e-01
1.708259433507919312e-02
6.020640023052692413e-03
1.194771379232406616e-02
1.924246549606323242e-02
3.088680282235145569e-02
1.890419796109199524e-02
1.474760472774505615e-02
3.899294137954711914e-02
1.729292422533035278e-02
6.788358688354492188e-01
1.057465896010398865e-01
2.352833375334739685e-02
2.365853451192378998e-02
1.122207101434469223e-02
1.094903349876403809e-01
1.872858591377735138e-02
3.373036906123161316e-02
3.522467566654086113e-03
4.623364191502332687e-03
2.098295837640762329e-02
6.233879551291465759e-02
1.553654372692108154e-01
4.244718551635742188e-01
1.358465291559696198e-02
2.125039137899875641e-02
1.799533702433109283e-02
3.517418727278709412e-02
2.954034879803657532e-02
1.882201805710792542e-02
3.804826736450195312e-02
1.479058340191841125e-02
1.550404168665409088e-02
2.517447620630264282e-02
3.870200598612427711e-03
4.084132984280586243e-02
6.839994341135025024e-03
8.337499573826789856e-03
1.625051721930503845e-03
6.793791800737380981e-02
1.483644358813762665e-02
6.033253390341997147e-03
4.253996163606643677e-02
1.076161861419677734e-02
5.137511529028415680e-03
7.283616811037063599e-03
3.775997459888458252e-02
9.792823344469070435e-03
1.216535270214080811e-02
1.262618973851203918e-02
1.318731904029846191e-02
3.854578435420989990e-01
6.178023666143417358e-02
2.176083810627460480e-02
1.470687836408615112e-01
9.828069247305393219e-03
3.857157751917839050e-02
7.917175069451332092e-03
2.170211821794509888e-02
3.180086379870772362e-03
7.883281260728836060e-02
1.004165876656770706e-02
5.872440524399280548e-03
3.260206803679466248e-02
9.275596588850021362e-03
2.533466368913650513e-02
1.597186923027038574e-02
2.311516046524047852e+00
7.247108221054077148e-02
1.393793895840644836e-02
2.021603984758257866e-03
4.093959461897611618e-03
5.041527748107910156e-01
3.806113731116056442e-03
1.225758939981460571e-01
7.900541648268699646e-03
5.146746709942817688e-02
1.601796448230743408e-01
4.317402839660644531e-03
1.423745229840278625e-02
3.244990715757012367e-03
2.748096361756324768e-02
3.645497187972068787e-02
6.589764356613159180e-02
3.523959219455718994e-02
1.185109652578830719e-02
1.070900037884712219e-01
3.161597996950149536e-02
9.763689711689949036e-03
1.186183840036392212e-02
1.813373295590281487e-03
8.079098770394921303e-04
6.395704695023596287e-04
1.058965735137462616e-02
1.588608021847903728e-03
4.209015751257538795e-04
3.217608202248811722e-03
3.834328381344676018e-03
3.866956976708024740e-04
6.189002888277173042e-04
1.312842941842973232e-03
4.454416688531637192e-03
3.753529628738760948e-03
1.614410430192947388e-03
1.234796596691012383e-03
2.203764859586954117e-03
4.424407612532377243e-03
5.552336224354803562e-04
1.317722140811383724e-03
7.694895844906568527e-03
3.216194920241832733e-03
4.707292537204921246e-04
1.299375086091458797e-03
9.175534942187368870e-04
1.668292970862239599e-04
2.616939833387732506e-03
1.754056080244481564e-03
2.407071413472294807e-03
1.159735838882625103e-03
1.309782237512990832e-04
5.777413607574999332e-04
9.735260973684489727e-04
5.519601050764322281e-03
5.060165654867887497e-03
1.368783181533217430e-03
1.728386501781642437e-03
3.361004404723644257e-03
8.027169853448867798e-03
1.621544710360467434e-03
3.441001463215798140e-04
1.062088645994663239e-03
2.003965433686971664e-03
2.178792608901858330e-03
1.151022734120488167e-04
1.221784390509128571e-03
5.388389690779149532e-04
1.164894434623420238e-03
4.683860577642917633e-03
1.324325799942016602e-03
8.127529174089431763e-03
3.701492096297442913e-04
1.065310277044773102e-02
5.961333517916500568e-04
3.265733248554170132e-04
8.975265175104141235e-02
1.287108869291841984e-03
1.481131650507450104e-03
7.328240871429443359e-01
1.648306846618652344e-02
1.789735164493322372e-03
5.944049730896949768e-02
9.090443141758441925e-03
6.283271126449108124e-03
5.466400762088596821e-04
1.355632790364325047e-03
3.868598432745784521e-04
6.484229234047234058e-04
2.489336300641298294e-03
5.968302488327026367e-03
5.817701108753681183e-03
8.964901207946240902e-04
1.449453266104683280e-04
7.034106180071830750e-03
5.042538396082818508e-04
2.784638432785868645e-03
1.435187878087162971e-04
1.259503420442342758e-03
1.592822372913360596e-03
2.305468544363975525e-03
2.496485598385334015e-03
4.437020514160394669e-03
1.938308472745120525e-03
4.241128626745194197e-04
2.404825529083609581e-03
3.657258930616080761e-04
1.074391789734363556e-02
2.260325709357857704e-04
2.206044446211308241e-04
2.450675703585147858e-03
3.058760426938533783e-03
2.829582081176340580e-04
2.531761419959366322e-04
1.021722331643104553e-03
4.606841830536723137e-04
4.637839447241276503e-04
1.617839559912681580e-03
1.021002070046961308e-03
1.223502866923809052e-02
1.834983268054202199e-04
4.471649008337408304e-04
8.314221166074275970e-03
2.233403921127319336e-02
1.934203755808994174e-04
1.815206633182242513e-04
2.046959474682807922e-03
1.452182070352137089e-03
2.043811255134642124e-04
1.119667198508977890e-03
1.747636561049148440e-04
5.654209852218627930e-02
4.965311847627162933e-03
4.364105872809886932e-03
6.654965109191834927e-04
2.029607305303215981e-03
5.888669285923242569e-03
8.284606155939400196e-04
1.291624363511800766e-02
3.159740590490400791e-04
1.659780973568558693e-03
7.377726025879383087e-03
4.028516996186226606e-04
9.160591871477663517e-04
1.800864189863204956e-02
1.756159472279250622e-03
1.055302782333455980e-04
2.050538780167698860e-03
6.273547187447547913e-04
1.659597735852003098e-03
4.057112673763185740e-04
4.741624870803207159e-04
2.301062922924757004e-03
2.621797029860317707e-04
3.439756110310554504e-03
1.596861751750111580e-03
1.405833987519145012e-03
1.217166194692254066e-03
9.488348732702434063e-04
1.367765851318836212e-02
1.986360875889658928e-04
5.936179775744676590e-03
3.657166671473532915e-04
4.418115713633596897e-04
8.933096542023122311e-04
3.763841232284903526e-04
9.454852261114865541e-05
1.083563081920146942e-03
4.004798247478902340e-04
1.971930498257279396e-03
4.866882809437811375e-04
2.553558733779937029e-04
2.064027823507785797e-03
2.871297765523195267e-04
1.268572523258626461e-03
1.530818524770438671e-03
2.046169247478246689e-03
7.044683210551738739e-03
1.828655804274603724e-04
2.115003298968076706e-04
3.063951153308153152e-04
9.897796437144279480e-03
1.266561099328100681e-03
3.077558940276503563e-03
2.743921708315610886e-03
1.102520269341766834e-03
1.109245349653065205e-03
1.825539977289736271e-03
2.837389183696359396e-04
5.552906659431755543e-04
2.048261696472764015e-03
2.547764405608177185e-02
1.341296156169846654e-04
7.905549136921763420e-04
1.136525650508701801e-03
3.164478577673435211e-03
8.766721934080123901e-03
3.447190625593066216e-03
2.492156345397233963e-04
2.521668502595275640e-04
4.982058890163898468e-04
8.268332458101212978e-04
1.127077266573905945e-03
7.847810164093971252e-03
3.278423682786524296e-04
3.524502040818333626e-03
1.294937334023416042e-03
2.987281477544456720e-04
1.898568152682855725e-04
8.499901741743087769e-03
1.763495733030140400e-03
3.475672565400600433e-03
1.637215260416269302e-03
2.552429679781198502e-03
4.073367163073271513e-04
4.922084510326385498e-03
6.700128782540559769e-03
4.443059151526540518e-04
7.736892439424991608e-04
1.887402322608977556e-04
2.156913396902382374e-04
1.231142960023134947e-04
2.591812284663319588e-03
3.655079926829785109e-04
2.990096982102841139e-04
2.430377498967573047e-04
5.233233096078038216e-04
2.432849491015076637e-03
4.026150854770094156e-04
6.146887317299842834e-04
2.627919893711805344e-04
1.254772767424583435e-03
3.880153817590326071e-04
2.923957072198390961e-04
8.338312618434429169e-04
9.942108765244483948e-03
3.444076515734195709e-03
2.029998722719028592e-04
4.196948138996958733e-04
3.725343616679310799e-03
7.513746095355600119e-05
9.502831380814313889e-04
8.737202151678502560e-04
1.053569256328046322e-03
1.219586585648357868e-03
8.320443448610603809e-04
2.056228462606668472e-03
3.098484303336590528e-04
1.561772776767611504e-03
2.862835535779595375e-03
1.164600602351129055e-03
5.260117468424141407e-04
2.737521752715110779e-02
1.658759574638679624e-04
1.161986801889725029e-04
1.533568720333278179e-04
1.113020232878625393e-03
1.371167745674028993e-04
2.958289813250303268e-03
9.232532465830445290e-04
1.399095170199871063e-03
1.666493597440421581e-03
8.533312939107418060e-03
3.540585748851299286e-05
6.051735254004597664e-04
1.080575602827593684e-04
7.580956444144248962e-04
4.193299915641546249e-03
1.656370121054351330e-03
3.679437213577330112e-04
1.939524809131398797e-04
1.259910757653415203e-03
6.723818660248070955e-05
9.887039195746183395e-04
1.519547658972442150e-03
1.912050356622785330e-04
2.526889322325587273e-03
2.010077441809698939e-04
5.584029131568968296e-04
3.800319682341068983e-04
4.741675220429897308e-03
2.517977543175220490e-02
5.628633312880992889e-03
1.564885675907135010e-02
2.137002302333712578e-03
1.432392746210098267e-03
9.043622994795441628e-04
3.719943924807012081e-04
6.862940499559044838e-04
4.335049074143171310e-03
1.047309342538937926e-04
5.096640088595449924e-04
3.636766632553189993e-04
1.381703419610857964e-03
4.142758552916347980e-04
2.144289755960926414e-04
1.063715899363160133e-03
5.836143973283469677e-04
2.927608147729188204e-04
1.169613469392061234e-02
1.688533113338053226e-03
5.502545973286032677e-04
1.339417882263660431e-03
2.114024682668969035e-04
4.240232054144144058e-03
1.238666300196200609e-04
6.445987673941999674e-05
2.544575836509466171e-04
2.126269100699573755e-04
8.188462816178798676e-03
1.574014313519001007e-03
2.987378742545843124e-03
8.091967320069670677e-04
1.291725551709532738e-03
5.488948523998260498e-02
1.946142874658107758e-04
6.060155108571052551e-03
2.587605500593781471e-03
1.614062784938141704e-04
4.220455230097286403e-05
3.113664919510483742e-03
3.741650143638253212e-03
5.531724891625344753e-04
1.442651846446096897e-04
6.867854244774207473e-05
3.468709473963826895e-04
1.409367396263405681e-04
1.923874719068408012e-03
2.222883282229304314e-03
5.314864392857998610e-05
6.894148420542478561e-03
1.331179519183933735e-04
3.622279327828437090e-04
9.686043631518259645e-05
3.714545629918575287e-03
7.377517613349482417e-05
2.536475425586104393e-03
6.019604916218668222e-05
1.556666218675673008e-03
1.404167414875701070e-04
7.525938417529687285e-05
3.720852837432175875e-04
1.473493059165775776e-03
4.298916319385170937e-04
7.779395673424005508e-05
1.502402737969532609e-04
4.423841368407011032e-03
1.335383858531713486e-04
1.008113613352179527e-03
1.141602057032287121e-03
1.389079261571168900e-04
1.345677766948938370e-03
5.238411249592900276e-04
8.070988405961543322e-05
2.342998777749016881e-04
6.258373614400625229e-04
4.311004886403679848e-04
5.630413652397692204e-04
3.081042377743870020e-04
1.362786861136555672e-04
1.141100001404993236e-04
3.391153295524418354e-04
2.253306156489998102e-04
2.860470558516681194e-04
3.069530357606709003e-04
3.637507907114923000e-04
1.031150386552326381e-04
5.609423169516958296e-05
6.344397552311420441e-04
3.840725403279066086e-04
1.280566648347303271e-04
6.874337559565901756e-04
3.366255550645291805e-04
4.388640227261930704e-04
7.969841361045837402e-03
9.107139339903369546e-05
9.432150545762851834e-05
6.232850137166678905e-04
6.264264084165915847e-05
5.292212124913930893e-03
1.813275885069742799e-04
3.523562336340546608e-04
1.199998077936470509e-04
2.625360211823135614e-04
1.334768021479249001e-04
3.518874655128456652e-05
7.258858531713485718e-04
4.508355414145626128e-05
6.560155889019370079e-04
2.451739856041967869e-04
4.650693153962492943e-05
3.163779620081186295e-04
1.084948307834565639e-03
6.366569868987426162e-05
4.847808449994772673e-04
6.693241884931921959e-04
9.995288564823567867e-05
1.549889449961483479e-03
2.481037226971238852e-04
2.158049755962565541e-04
9.649793501012027264e-04
1.138689913204871118e-04
3.871503868140280247e-04
4.321369924582540989e-04
2.237486420199275017e-03
5.115288658998906612e-04
1.992345205508172512e-04
2.767550467979162931e-04
1.700493157841265202e-04
1.375712599838152528e-04
1.861441269284114242e-04
1.456120080547407269e-04
2.220893511548638344e-03
1.701661676634103060e-04
1.379307796014472842e-04
8.350025746040046215e-05
8.581570000387728214e-04
2.900366380345076323e-04
3.492920193821191788e-03
6.905812915647402406e-05
4.577511281240731478e-04
4.783420445164665580e-05
2.541044494137167931e-03
1.892758446047082543e-04
2.795546024572104216e-04
7.611919136252254248e-05
3.966450458392500877e-05
4.402350168675184250e-05
4.008806135971099138e-04
6.378970283549278975e-05
9.583681239746510983e-04
7.127120625227689743e-05
8.901351247914135456e-04
5.371921579353511333e-04
1.221227921632817015e-05
1.100642373785376549e-03
3.012529807165265083e-03
7.235516095533967018e-04
9.793397475732490420e-05
4.321171945775859058e-05
1.426283270120620728e-04
8.934911602409556508e-05
1.350147940684109926e-04
5.960909766145050526e-04
5.585231701843440533e-04
8.807092672213912010e-05
2.387535205343738198e-04
6.385124288499355316e-04
1.478547928854823112e-04
2.577501072664745152e-05
2.217919536633417010e-04
1.153491975856013596e-04
9.280454833060503006e-05
4.019148036604747176e-05
3.304634010419249535e-04
7.224508444778621197e-04
5.475129000842571259e-05
2.671990077942609787e-04
6.794973887735977769e-05
3.163601650157943368e-05
6.861879955977201462e-05
1.006892052828334272e-04
1.522957172710448503e-04
1.722498709568753839e-04
1.708641211735084653e-04
1.744938432238996029e-03
2.025024732574820518e-04
4.929547139909118414e-05
1.729210198391228914e-04
1.580723910592496395e-04
1.935198815772309899e-04
1.185784058179706335e-04
3.187260124832391739e-03
2.802733215503394604e-04
6.612104480154812336e-04
1.164604327641427517e-04
5.195683115744031966e-05
1.739460392855107784e-03
3.853568574413657188e-03
9.073296678252518177e-05
3.264528349973261356e-04
8.919669926399365067e-05
1.041528739733621478e-04
3.276747302152216434e-04
1.452728989534080029e-03
1.347543147858232260e-04
1.957365202542860061e-05
4.805720891454257071e-05
8.823195094009861350e-05
3.061759634874761105e-04
4.701557627413421869e-04
5.135632236488163471e-04
5.934662651270627975e-03
7.010495755821466446e-05
1.357975706923753023e-04
6.473642424680292606e-04
4.326841735746711493e-04
2.325505920452997088e-05
2.442063705530017614e-04
4.908390474156476557e-05
6.392877548933029175e-05
4.929968417854979634e-05
6.102292099967598915e-04
7.828083471395075321e-04
2.061185194179415703e-03
9.190865093842148781e-04
2.127929357811808586e-03
5.833125906065106392e-04
1.770019065588712692e-03
8.946597226895391941e-04
1.853376888902857900e-04
3.423371526878327131e-05
5.659654925693757832e-05
1.212122879223898053e-04
1.668361219344660640e-04
8.648583752801641822e-05
1.215037773363292217e-04
1.122722751460969448e-04
1.375363441184163094e-03
3.102974733337759972e-05
2.182151947636157274e-04
1.199000282213091850e-03
6.487104110419750214e-05
1.722806773614138365e-04
1.534240087494254112e-03
2.857910294551402330e-05
6.152036803541705012e-05
4.018402614747174084e-05
2.228267403552308679e-04
5.700591718778014183e-04
8.364501991309225559e-05
6.373412907123565674e-04
4.795047425432130694e-05
1.153660778072662652e-04
4.478043047129176557e-05
8.664061897434294224e-05
9.893640526570379734e-05
5.021477118134498596e-04
7.022101199254393578e-04
2.383844548603519797e-04
9.242217056453227997e-04
4.325284098740667105e-04
4.352144605945795774e-05
1.516680582426488400e-03
5.414451588876545429e-04
2.853676560334861279e-04
7.408749661408364773e-05
1.242518483195453882e-04
2.712090732529759407e-03
5.101960778119973838e-05
3.668522695079445839e-04
8.574501262046396732e-04
7.984390686033293605e-05
1.346272882074117661e-03
5.399420842877589166e-05
5.224607230047695339e-05
1.114978294936008751e-04
1.301523181609809399e-03
3.827359760180115700e-04
1.862498320406302810e-04
3.711439785547554493e-05
2.566810326243285090e-05
5.384773976402357221e-05
2.079357218462973833e-04
1.284174941247329116e-04
5.982030052109621465e-05
1.438579347450286150e-04
8.932601485867053270e-05
9.278099605580791831e-05
2.398392243776470423e-04
4.749668732983991504e-05
2.188299731642473489e-05
2.331502269953489304e-03
4.346804780652746558e-05
4.141051613260060549e-05
2.467208105372264981e-05
8.973519434221088886e-04
6.652371666859835386e-05
1.819299068301916122e-04
2.957713695650454611e-05
5.554114468395709991e-04
1.064280280843377113e-03
3.816492244368419051e-05
6.205675163073465228e-05
7.743118476355448365e-05
6.060056693968363106e-05
1.949496218003332615e-04
1.088202770915813744e-05
6.260497320909053087e-05
8.742159116081893444e-05
3.527581866364926100e-04
1.486925029894337058e-04
1.045153549057431519e-04
2.588339702924713492e-05
1.273159577976912260e-04
2.348904672544449568e-04
1.079925859812647104e-04
1.282232406083494425e-04
4.153138434048742056e-05
8.771895663812756538e-04
1.379724708385765553e-04
1.169985189335420728e-04
7.550298323621973395e-05
1.162853186542633921e-05
1.333254185738041997e-04
1.624292199267074466e-04
1.391725090797990561e-04
4.537213681032881141e-05
4.313313984312117100e-04
1.444584410637617111e-02
9.203352965414524078e-04
2.819362562149763107e-04
1.176513964310288429e-03
8.464969141641631722e-05
9.313710033893585205e-04
1.947151940839830786e-05
5.597687049885280430e-05
3.432217272347770631e-05
6.408682093024253845e-04
4.022311419248580933e-02
4.263277165591716766e-03
9.886024054139852524e-05
1.319232396781444550e-04
1.494773896411061287e-04
7.865469087846577168e-04
5.032101762481033802e-05
5.653487751260399818e-04
1.889565173769369721e-04
7.778842700645327568e-04
9.574846626492217183e-05
2.545588067732751369e-04
2.005851711146533489e-04
1.417405728716403246e-04
2.004554153245408088e-05
8.780153584666550159e-04
7.129381992854177952e-05
2.990101929754018784e-03
1.365254720440134406e-04
4.029444158077239990e-01
7.887813844718039036e-04
2.520193447708152235e-05
3.502071558614261448e-05
3.627469777711667120e-05
1.484680433350149542e-05
1.729011186398565769e-03
1.195985460071824491e-04
2.273978680022992194e-05
2.061381237581372261e-04
5.466581205837428570e-04
3.667332566692493856e-05
1.693450394668616354e-05
6.327570881694555283e-04
5.543184306588955224e-05
2.175377157982438803e-04
6.554972496815025806e-04
7.456517778337001801e-05
2.062809835479129106e-05
1.018578695948235691e-04
5.301390046952292323e-05
4.764831464854069054e-05
2.468003731337375939e-05
2.876086728065274656e-05
2.530868805479258299e-04
1.527105087006930262e-05
2.361673614359460771e-05
1.717404666123911738e-04
5.242225233814679086e-05
1.354675187030807137e-04
2.504370422684587538e-05
3.039382136194035411e-05
3.739793319255113602e-04
1.622261770535260439e-04
2.438853334751911461e-05
4.162787809036672115e-04
6.286025745794177055e-05
4.191793414065614343e-05
7.561470556538552046e-05
2.648283407324925065e-05
2.245394898636732250e-05
2.355226024519652128e-05
3.312949047540314496e-05
1.889778286567889154e-05
2.553336162236519158e-05
1.641490962356328964e-05
2.663920531631447375e-05
2.653407864272594452e-04
9.003857849165797234e-05
5.042991324444301426e-05
1.661505317315459251e-03
1.726431582937948406e-05
1.500307007518131286e-05
1.378308661514893174e-04
6.742115510860458016e-05
8.923421410145238042e-05
2.795574255287647247e-04
1.649184996495023370e-04
3.356017259648069739e-05
2.141097211278975010e-04
7.098115747794508934e-05
2.564484020695090294e-03
2.334191049158107489e-05
1.151740361819975078e-04
1.520220212114509195e-05
1.399704342475160956e-04
1.097594140446744859e-04
2.635739656398072839e-05
1.679911656538024545e-05
6.235291948541998863e-05
4.206619632896035910e-05
3.775156801566481590e-04
9.467833478993270546e-06
5.748488183598965406e-05
1.242858706973493099e-04
2.188063081121072173e-04
2.529717858124058694e-05
4.226433884468860924e-05
6.556323933182284236e-05
5.242165207164362073e-05
3.380133057362399995e-05
1.516711781732738018e-04
3.269789522164501250e-05
6.490472878795117140e-05
5.370903090806677938e-05
2.538290027587208897e-05
1.986939023481681943e-04
5.342385731637477875e-03
7.084784738253802061e-05
3.277696669101715088e-05
1.448656985303387046e-04
2.995237264258321375e-05
4.885429007117636502e-05
1.393766142427921295e-04
4.767957580043002963e-05
5.439068627310916781e-05
2.230372047051787376e-05
9.044593316502869129e-04
3.549681059666909277e-05
5.406230047810822725e-05
2.140309079550206661e-04
1.451689513487508520e-05
1.691958896117284894e-04
2.389683322689961642e-05
1.967771531781181693e-04
5.008178777643479407e-05
8.705339860171079636e-05
2.524766387068666518e-05
4.746271224576048553e-05
2.618847065605223179e-04
4.274923048797063529e-05
2.183960168622434139e-04
6.253544124774634838e-04
1.478232297813519835e-04
1.708819036139175296e-05
2.505653901607729495e-05
1.535409501229878515e-05
8.073478966252878308e-05
5.993272177875041962e-03
5.231231625657528639e-05
4.111768794246017933e-05
7.470713171642273664e-05
9.102130570681765676e-05
2.549159762565977871e-05
6.594455771846696734e-05
4.887622344540432096e-05
2.545059396652504802e-05
5.291973357088863850e-04
9.564448846504092216e-04
2.359618665650486946e-04
1.027982943924143910e-04
9.237125050276517868e-05
8.722172060515731573e-05
6.940856692381203175e-04
4.946471381117589772e-05
9.838804835453629494e-04
4.873605939792469144e-05
1.126413826568750665e-05
4.253201041137799621e-05
1.151936128735542297e-03
3.542571357684209943e-05
1.723696186672896147e-05
2.121872239513322711e-04
9.197072358801960945e-06
3.548628592398017645e-05
2.435587339277844876e-05
7.083907985361292958e-05
8.869014709489420056e-05
2.560633001849055290e-04
1.225738087669014931e-04
1.219167006638599560e-05
2.995762406499125063e-05
1.182822816190309823e-04
1.475078897783532739e-04
1.827719243010506034e-04
2.030940595432184637e-05
1.033333228406263515e-05
3.530950561980716884e-05
3.852772351820021868e-05
3.167150134686380625e-05
1.897888796520419419e-05
1.838908158242702484e-02
1.617402449483051896e-05
9.650567080825567245e-04
5.113006918691098690e-04
1.741241794661618769e-05
1.164234527095686644e-05
1.639368128962814808e-04
2.212644321843981743e-04
1.448192233510781080e-05
2.673174094525165856e-05
5.294969014357775450e-05
2.281236374983564019e-04
5.811283335788175464e-05
7.541107333963736892e-05
1.720228647172916681e-05
1.701620931271463633e-04
7.460168853867799044e-05
6.601046334253624082e-05
4.806054130312986672e-05
3.475107223493978381e-05
2.046652298304252326e-05
6.927856593392789364e-04
