3.316371765136718750e+02
1.141397476196289062e+01
7.885843753814697266e+00
6.839410781860351562e+00
7.049292564392089844e+00
2.383306741714477539e+00
1.089661240577697754e+00
3.904812335968017578e+00
1.199133872985839844e+00
5.412795543670654297e-01
2.199408710002899170e-01
1.056172132492065430e+00
5.245065689086914062e-02
7.477940917015075684e-01
1.001976847648620605e+00
1.781508326530456543e-02
2.529263496398925781e-01
1.408513069152832031e+00
5.956146866083145142e-02
6.847006082534790039e-01
1.021232306957244873e-01
1.113495510071516037e-02
7.921503186225891113e-01
2.332460880279541016e-02
2.712992429733276367e-01
6.246300414204597473e-03
4.514391422271728516e-01
8.164770603179931641e-01
2.043725848197937012e-01
3.907798323780298233e-03
1.340174302458763123e-02
1.674758456647396088e-02
1.436017990112304688e+00
7.705309242010116577e-02
2.493995241820812225e-02
1.676590926945209503e-02
1.650197267532348633e+00
6.463149189949035645e-01
1.570548303425312042e-02
1.855614036321640015e-02
1.860995776951313019e-02
6.470083445310592651e-02
2.068398237228393555e+00
5.666413307189941406e-01
4.683566745370626450e-03
5.679583072662353516e+00
3.489862894639372826e-03
5.450214147567749023e-01
2.043626159429550171e-01
3.539173630997538567e-03
2.756842412054538727e-02
3.997393883764743805e-03
3.280779346823692322e-03
8.272235840559005737e-02
2.203471958637237549e-03
4.499953705817461014e-03
6.099256221204996109e-03
2.962263999506831169e-03
1.017748117446899414e-01
9.888336062431335449e-02
3.376278281211853027e-02
1.902016162872314453e+00
1.073207557201385498e-01
1.710640382952988148e-03
9.217603132128715515e-03
1.916632987558841705e-03
1.162290666252374649e-02
1.371285878121852875e-02
3.299240488559007645e-03
5.502286553382873535e-02
6.996391713619232178e-02
3.182165790349245071e-03
2.621558727696537971e-03
3.728487715125083923e-02
1.064568042755126953e+00
1.276311492919921875e+02
2.647071145474910736e-03
4.656011238694190979e-02
2.270571328699588776e-02
3.202055096626281738e-01
1.519765611737966537e-02
8.192379958927631378e-03
1.055369060486555099e-02
2.154988935217261314e-03
8.359431289136409760e-03
1.104293018579483032e-01
4.040398634970188141e-03
6.290981080383062363e-03
2.387890592217445374e-03
4.114064387977123260e-03
2.386087737977504730e-02
3.042931854724884033e-01
3.515866119414567947e-03
6.481271702796220779e-03
4.936859011650085449e-03
2.969148382544517517e-02
1.628290861845016479e-02
4.132355563342571259e-03
1.662870943546295166e-01
2.390617737546563148e-03
4.437543451786041260e-02
3.578111529350280762e-01
2.700948119163513184e-01
6.066314410418272018e-03
1.160947699099779129e-02
2.158841848373413086e+00
8.549016714096069336e-02
3.937005996704101562e-03
6.818076595664024353e-03
3.001827513799071312e-03
5.095983855426311493e-03
9.145186282694339752e-03
6.386926397681236267e-03
1.366908848285675049e-02
4.943420179188251495e-03
1.161781884729862213e-02
7.217047736048698425e-03
3.837802214547991753e-03
1.837887056171894073e-02
7.690706849098205566e-02
5.956551060080528259e-03
9.557456709444522858e-03
1.326395384967327118e-02
2.557678222656250000e-01
4.564734548330307007e-02
6.931467354297637939e-02
2.937665907666087151e-03
6.841861642897129059e-03
2.839408349245786667e-03
9.021009318530559540e-03
4.748117644339799881e-03
1.838681660592556000e-02
2.237525209784507751e-02
2.984893973916769028e-03
1.416784077882766724e-01
4.778532311320304871e-03
3.327021896839141846e-01
1.344120055437088013e-01
8.999742567539215088e-02
8.723681792616844177e-03
1.237056218087673187e-02
2.380127552896738052e-03
1.318416595458984375e-01
1.228805109858512878e-01
2.740028128027915955e-02
1.694105565547943115e-02
2.674553170800209045e-02
1.846602708101272583e-01
8.749512024223804474e-03
2.227570116519927979e-01
9.005811065435409546e-03
5.757035687565803528e-03
2.929532825946807861e-01
2.649104595184326172e-02
3.471201658248901367e-02
1.331638824194669724e-02
7.123306393623352051e-03
9.807885624468326569e-03
8.098124712705612183e-02
9.270143695175647736e-03
1.577975988388061523e+00
8.173671551048755646e-03
1.009271200746297836e-02
9.224265813827514648e-02
4.414134845137596130e-02
8.009126409888267517e-03
6.109707523137331009e-03
1.098810881376266479e-02
4.502422641962766647e-03
2.896759286522865295e-02
1.143045909702777863e-02
2.420699894428253174e-01
2.280610054731369019e-01
4.426954314112663269e-03
4.124553129076957703e-02
3.788177669048309326e-01
7.991401478648185730e-03
2.555495314300060272e-02
4.453107714653015137e-02
1.578002572059631348e-01
1.272046566009521484e-01
1.050340384244918823e-02
2.954790368676185608e-02
2.214532718062400818e-02
6.616229563951492310e-02
6.427751854062080383e-03
9.593473747372627258e-03
2.555024623870849609e-02
9.511825628578662872e-03
9.442083537578582764e-03
1.670865900814533234e-02
9.120508097112178802e-03
3.067052459716796875e+01
4.035442322492599487e-02
4.929952695965766907e-02
2.635832503437995911e-02
1.924803294241428375e-02
1.848872937262058258e-02
8.630342781543731689e-03
2.467826008796691895e-02
1.573454588651657104e-02
5.917478352785110474e-03
3.667873563244938850e-03
9.136682376265525818e-03
2.368732690811157227e-01
4.903875757008790970e-03
1.021880656480789185e-02
3.643261035904288292e-03
3.232222050428390503e-03
3.796762553974986076e-03
4.350350704044103622e-03
2.092508785426616669e-02
2.058178745210170746e-02
3.550946712493896484e-03
5.289092194288969040e-03
2.564109396189451218e-03
2.923201769590377808e-03
5.505628418177366257e-03
5.104493349790573120e-03
2.670242451131343842e-03
6.440837867558002472e-03
3.185089677572250366e-03
1.648190431296825409e-02
2.566454466432332993e-03
3.536503296345472336e-03
3.981291782110929489e-03
6.593737006187438965e-02
3.062115283682942390e-03
7.908763289451599121e-01
1.157983299344778061e-02
5.750379525125026703e-03
1.141482871025800705e-02
2.936323545873165131e-02
1.220368780195713043e-02
2.112210541963577271e-02
1.997089013457298279e-02
1.117644459009170532e-02
1.164935156702995300e-02
1.127114985138177872e-02
1.047326810657978058e-02
8.356086909770965576e-03
1.143977604806423187e-02
9.263754822313785553e-03
1.009908691048622131e-02
1.664104685187339783e-02
1.548862550407648087e-02
1.621697843074798584e-02
6.098152138292789459e-03
3.449378535151481628e-03
9.031925350427627563e-03
2.662571612745523453e-03
2.919164253398776054e-03
4.443110525608062744e-02
2.695892006158828735e-02
2.553909458220005035e-02
2.540286071598529816e-02
1.019809991121292114e-01
1.496097631752490997e-02
3.964570350944995880e-03
4.054739605635404587e-03
2.050596056506037712e-03
1.074561104178428650e-02
6.275086663663387299e-03
2.023886702954769135e-02
4.328467696905136108e-02
2.384668681770563126e-03
3.614476695656776428e-02
9.754542261362075806e-03
3.402173751965165138e-03
2.182229995727539062e+00
2.635601907968521118e-02
8.831933140754699707e-03
5.400373600423336029e-03
7.682160474359989166e-03
4.588207695633172989e-03
3.509277012199163437e-03
2.246519550681114197e-02
9.306714870035648346e-03
1.365474238991737366e-02
1.142111141234636307e-02
3.933768719434738159e-02
5.022298544645309448e-02
2.969410270452499390e-03
3.929479047656059265e-03
1.058905292302370071e-02
4.038326442241668701e-02
5.084931850433349609e-02
7.708070334047079086e-03
3.050920087844133377e-03
4.293127730488777161e-02
9.044369682669639587e-03
2.540868707001209259e-02
1.188988983631134033e-02
1.606254093348979950e-02
3.840072825551033020e-02
5.464895628392696381e-03
1.258847117424011230e-02
2.447392605245113373e-02
1.552484463900327682e-02
1.478842180222272873e-02
1.114874705672264099e-02
1.018134411424398422e-02
8.127398788928985596e-03
9.300104342401027679e-03
3.816539654508233070e-03
5.240942351520061493e-03
6.762340664863586426e-03
1.361513882875442505e-02
2.205291390419006348e-01
1.983575336635112762e-02
2.227593585848808289e-02
2.033993043005466461e-02
3.800970036536455154e-03
6.257541477680206299e-03
1.176852080971002579e-02
1.655298285186290741e-02
3.139969334006309509e-02
5.453358869999647141e-03
5.339994095265865326e-03
8.936945348978042603e-03
2.675740793347358704e-02
5.048283375799655914e-03
1.399021409451961517e-02
4.316635429859161377e-03
7.865183986723423004e-03
2.004699409008026123e-02
2.241979166865348816e-02
1.296055968850851059e-02
7.589853834360837936e-03
8.597015403211116791e-03
4.699086770415306091e-03
2.526807412505149841e-02
4.487800411880016327e-03
3.881768137216567993e-02
2.625300362706184387e-02
1.123108435422182083e-02
1.732879318296909332e-02
4.186307545751333237e-03
1.469983533024787903e-02
8.490035310387611389e-03
3.637559339404106140e-02
1.984333060681819916e-02
1.802404038608074188e-02
2.660054527223110199e-02
6.307872012257575989e-03
5.639903247356414795e-03
8.843179792165756226e-03
1.196290925145149231e-02
2.175692096352577209e-02
1.650063879787921906e-02
2.744959481060504913e-02
1.532995421439409256e-02
7.844417355954647064e-03
1.617536321282386780e-02
1.639733836054801941e-02
1.854688301682472229e-02
6.952465977519750595e-03
2.327024564146995544e-02
1.944580115377902985e-02
4.199665039777755737e-03
1.511896960437297821e-02
1.409473270177841187e-02
5.429791286587715149e-03
3.583073243498802185e-02
1.545600593090057373e-02
9.417292661964893341e-03
4.500529728829860687e-03
6.033805198967456818e-03
2.464304119348526001e-02
1.060222648084163666e-02
5.809281021356582642e-03
8.243819698691368103e-03
5.136083811521530151e-03
3.957990091294050217e-03
1.377473585307598114e-02
1.630977168679237366e-02
1.648128032684326172e-02
3.924947697669267654e-03
1.448693498969078064e-02
7.761805318295955658e-03
1.900408416986465454e-02
5.940188653767108917e-03
1.939723081886768341e-02
9.311055764555931091e-03
1.453402265906333923e-02
1.721807010471820831e-02
7.121782749891281128e-03
2.641596598550677299e-03
9.256160259246826172e-02
1.012213435024023056e-02
1.753457635641098022e-02
1.080170366913080215e-02
2.054103836417198181e-02
5.859478376805782318e-03
1.670199446380138397e-02
6.981813348829746246e-03
1.773761585354804993e-02
1.270422525703907013e-02
9.268882870674133301e-02
1.483871601521968842e-02
9.194994345307350159e-03
1.932014152407646179e-02
1.402969006448984146e-02
2.208728343248367310e-02
5.373363848775625229e-03
2.582495100796222687e-03
2.315654885023832321e-03
2.180726267397403717e-03
1.840139925479888916e-02
1.176256220787763596e-02
2.100146375596523285e-03
2.653863746672868729e-03
8.261980488896369934e-03
4.699868150055408478e-03
2.275871345773339272e-03
5.029494874179363251e-03
2.702308353036642075e-03
2.830247581005096436e-02
9.047207422554492950e-03
7.022086996585130692e-03
3.369365818798542023e-03
5.523453932255506516e-03
4.632098600268363953e-03
8.614050224423408508e-03
3.640046343207359314e-02
1.720590051263570786e-03
4.892879165709018707e-03
3.683350281789898872e-03
1.128877699375152588e-02
8.937920443713665009e-03
1.916157267987728119e-02
2.101553138345479965e-03
3.972597420215606689e-03
5.200880579650402069e-03
1.419853419065475464e-03
8.668931201100349426e-03
1.541856024414300919e-02
5.631529726088047028e-03
2.213193662464618683e-02
2.314723096787929535e-03
2.671250607818365097e-03
1.199766620993614197e-02
3.512332588434219360e-02
2.383017679676413536e-03
3.901057643815875053e-03
2.300075488165020943e-03
5.539405159652233124e-03
4.623557906597852707e-03
1.463772961869835854e-03
6.645407527685165405e-03
4.298286512494087219e-03
2.778870519250631332e-03
1.936016837134957314e-03
1.377885043621063232e-02
4.749102890491485596e-02
1.830983906984329224e-02
2.890536561608314514e-03
2.352387644350528717e-03
1.892382977530360222e-03
2.569114323705434799e-03
3.107430879026651382e-03
9.251519106328487396e-03
4.833420738577842712e-03
3.597025759518146515e-03
3.120987210422754288e-03
5.409444682300090790e-03
5.893790163099765778e-03
2.571637742221355438e-03
4.840949550271034241e-03
1.450974959880113602e-03
1.100033521652221680e-03
1.074762642383575439e-02
9.053257293999195099e-03
1.026302762329578400e-02
1.299922913312911987e-02
1.605013385415077209e-03
3.269953886047005653e-03
5.400869064033031464e-03
4.155017063021659851e-02
1.275662332773208618e-02
1.678275875747203827e-03
1.850005239248275757e-03
9.349045902490615845e-02
8.562965318560600281e-03
1.734924619086086750e-03
1.208853558637201786e-03
1.748338574543595314e-03
1.219077734276652336e-03
1.563744619488716125e-03
1.367559283971786499e-01
2.180765382945537567e-03
2.411754103377461433e-03
2.036084234714508057e-02
4.104504827409982681e-03
1.648674951866269112e-03
1.517022494226694107e-03
4.770429804921150208e-03
9.096331894397735596e-03
1.573571190237998962e-02
2.949659340083599091e-02
3.710914403200149536e-03
2.714899834245443344e-03
1.857911795377731323e-02
6.299524102360010147e-03
1.429358730092644691e-03
1.619790121912956238e-02
1.515620108693838120e-02
9.376859292387962341e-03
7.450494915246963501e-03
2.045804169028997421e-03
2.142590703442692757e-03
2.310339128598570824e-03
2.993611991405487061e-02
8.375156670808792114e-03
5.792670883238315582e-03
6.896734237670898438e-03
2.661243546754121780e-03
1.806998858228325844e-03
3.041348606348037720e-02
1.598648726940155029e-03
3.830412402749061584e-03
1.547463587485253811e-03
2.136026974767446518e-03
2.127480227500200272e-03
1.233859569765627384e-03
4.716822411864995956e-03
3.533328883349895477e-03
3.835563082247972488e-03
1.397910295054316521e-03
2.485178178176283836e-03
4.393960814923048019e-03
1.969326985999941826e-03
6.521451752632856369e-03
8.016472682356834412e-03
2.007161965593695641e-03
5.135527346283197403e-03
3.015981987118721008e-03
1.489686081185936928e-03
2.174447849392890930e-02
3.987525776028633118e-02
5.350511521100997925e-03
5.017729941755533218e-03
7.285571657121181488e-03
1.428513671271502972e-03
5.840635858476161957e-03
5.038037151098251343e-02
3.972060512751340866e-03
1.253009680658578873e-02
6.041584536433219910e-03
1.459855120629072189e-03
1.476877252571284771e-03
9.533902630209922791e-03
9.368377737700939178e-03
1.076299510896205902e-02
3.263349179178476334e-03
6.048899143934249878e-03
2.446721773594617844e-03
9.532351978123188019e-03
4.096317104995250702e-03
4.578988067805767059e-03
6.876309867948293686e-03
1.663942262530326843e-02
3.530518151819705963e-03
5.204566288739442825e-03
3.063294338062405586e-03
3.182800021022558212e-03
2.320194616913795471e-02
2.530799247324466705e-03
1.750133465975522995e-03
8.572074584662914276e-03
1.768322428688406944e-03
1.154840108938515186e-03
1.547051407396793365e-02
1.118432171642780304e-02
2.900561550632119179e-03
1.438293606042861938e-03
2.921962644904851913e-03
1.942879753187298775e-03
5.101762712001800537e-03
3.741814754903316498e-03
1.752126263454556465e-03
2.109977649524807930e-03
8.921026252210140228e-03
3.159178653731942177e-03
3.872466506436467171e-03
6.080913357436656952e-03
1.832837471738457680e-03
1.101838983595371246e-02
7.706417236477136612e-03
3.211482893675565720e-03
3.842868376523256302e-03
6.336786318570375443e-03
5.144502501934766769e-03
4.318636842072010040e-03
2.143801189959049225e-03
2.300129272043704987e-03
1.725570531561970711e-03
2.527267904952168465e-03
4.786396399140357971e-03
1.179724698886275291e-03
1.197596429847180843e-03
2.856589388102293015e-03
1.871629618108272552e-03
3.779369639232754707e-03
5.375807173550128937e-03
1.399228349328041077e-03
2.802299335598945618e-02
8.334869518876075745e-03
3.220763290300965309e-03
5.777276586741209030e-03
2.317676553502678871e-03
2.451934851706027985e-03
1.882886746898293495e-03
4.234751686453819275e-03
1.593876397237181664e-03
7.220810744911432266e-03
2.483430085703730583e-03
5.408546421676874161e-03
2.444955287501215935e-03
1.777859404683113098e-03
5.404249764978885651e-03
2.202765783295035362e-03
2.119265263900160789e-03
2.788883866742253304e-03
6.438750308007001877e-03
4.268715623766183853e-03
2.596087753772735596e-03
2.421836601570248604e-03
6.832354702055454254e-03
4.366735462099313736e-03
2.794085536152124405e-03
1.391461701132357121e-03
3.982032649219036102e-03
3.344818018376827240e-03
1.354612410068511963e-02
6.436545401811599731e-03
1.580637530423700809e-03
1.616626279428601265e-03
1.581353484652936459e-03
1.005502976477146149e-02
9.459618479013442993e-03
5.673984996974468231e-03
1.986532006412744522e-03
2.423615427687764168e-03
1.917965477332472801e-03
3.426070790737867355e-03
1.799549907445907593e-03
6.712548900395631790e-03
2.009165938943624496e-03
2.454837784171104431e-03
5.230581387877464294e-03
3.145172726362943649e-03
2.440190641209483147e-03
1.903091324493288994e-03
1.030080858618021011e-02
4.167669452726840973e-03
7.228346075862646103e-03
1.916900160722434521e-03
1.881898962892591953e-03
1.957368338480591774e-03
3.078916808590292931e-03
4.974471405148506165e-03
1.621073926798999310e-03
1.907102181576192379e-03
2.175894798710942268e-03
8.377162739634513855e-03
4.943258129060268402e-03
2.706769388169050217e-03
2.184270648285746574e-03
1.427548704668879509e-03
1.512326765805482864e-03
1.840840792283415794e-03
1.813123933970928192e-03
1.538967480883002281e-03
3.730315249413251877e-03
1.222087815403938293e-02
4.812443163245916367e-03
2.654778771102428436e-03
2.642474137246608734e-03
1.411242876201868057e-03
1.419357722625136375e-03
3.817239776253700256e-03
1.529575558379292488e-03
1.802130485884845257e-03
1.846368890255689621e-03
2.703589387238025665e-03
3.984661772847175598e-03
5.565492901951074600e-03
1.065981388092041016e-02
3.390958299860358238e-03
3.297792049124836922e-03
3.287099534645676613e-03
1.978460932150483131e-03
1.370473997667431831e-03
2.735636662691831589e-03
1.553167472593486309e-03
1.771199633367359638e-03
4.810627549886703491e-03
4.958759527653455734e-03
1.470071356743574142e-02
5.291012115776538849e-03
8.351128548383712769e-03
2.238817978650331497e-03
3.737479913979768753e-03
4.338302183896303177e-03
5.193127784878015518e-03
1.256309170275926590e-02
2.823078539222478867e-03
4.126956686377525330e-03
5.174504593014717102e-03
2.446790924295783043e-03
2.600764390081167221e-03
2.350728493183851242e-03
2.937720622867345810e-03
3.179102903231978416e-03
3.163107438012957573e-03
2.133949194103479385e-03
3.540882375091314316e-03
1.375800557434558868e-02
6.308331154286861420e-03
2.586239483207464218e-03
2.398507203906774521e-03
3.375252243131399155e-03
5.403618793934583664e-03
2.083142986521124840e-03
3.429562784731388092e-03
4.211790487170219421e-02
4.142963793128728867e-03
3.621151670813560486e-03
7.039380725473165512e-03
4.859203938394784927e-03
2.736049005761742592e-03
2.266260329633951187e-03
2.117825206369161606e-03
1.891938038170337677e-03
7.496240548789501190e-03
1.994445687159895897e-03
3.465456888079643250e-03
2.986836247146129608e-03
1.258495263755321503e-02
5.844796076416969299e-03
3.561286721378564835e-03
3.554700873792171478e-03
2.534689381718635559e-03
5.010072607547044754e-03
2.599597210064530373e-03
7.258887402713298798e-03
2.061455696821212769e-02
4.641423001885414124e-03
2.545576309785246849e-03
2.995309652760624886e-03
1.824075123295187950e-03
2.779748057946562767e-03
3.878620453178882599e-03
5.919008515775203705e-03
4.367412999272346497e-03
3.444878151640295982e-03
2.777773421257734299e-03
2.764024306088685989e-03
3.761316649615764618e-03
1.869192579761147499e-03
2.739032264798879623e-03
4.360296763479709625e-03
2.354445168748497963e-03
2.205693628638982773e-03
3.117130836471915245e-03
3.926836419850587845e-03
2.570783253759145737e-03
4.754574969410896301e-03
2.076177624985575676e-03
1.419955026358366013e-02
8.769901469349861145e-03
1.225326210260391235e-02
3.489525290206074715e-03
2.733265282586216927e-03
2.280000131577253342e-03
3.631903789937496185e-03
2.329491544514894485e-03
3.754558973014354706e-03
2.603722270578145981e-03
2.954550785943865776e-03
1.913049491122364998e-03
4.394026473164558411e-03
2.572549507021903992e-03
1.860736287198960781e-03
4.480200354009866714e-03
2.346725203096866608e-03
3.830197732895612717e-03
5.212210118770599365e-03
2.401845995336771011e-03
2.341818530112504959e-03
1.967214979231357574e-03
3.916020039469003677e-03
3.808310022577643394e-03
3.603704273700714111e-03
1.176870800554752350e-02
2.438896801322698593e-03
1.886776764877140522e-03
3.077600616961717606e-03
2.094852505251765251e-03
5.945986136794090271e-03
3.593176137655973434e-03
2.838916145265102386e-03
1.902447198517620564e-03
2.843764377757906914e-03
3.591568209230899811e-03
3.011537017300724983e-03
3.489902708679437637e-03
4.495669621974229813e-03
3.886273363605141640e-03
2.625546418130397797e-03
2.516679931432008743e-03
2.821219386532902718e-03
2.026271075010299683e-03
1.914358930662274361e-03
1.893736771307885647e-03
2.738425042480230331e-03
4.144904203712940216e-03
3.096197266131639481e-03
3.010383108630776405e-03
2.817479427903890610e-03
3.503993153572082520e-03
3.564252983778715134e-03
2.026248723268508911e-03
2.247863216325640678e-03
2.763060852885246277e-03
2.028869464993476868e-03
2.112580463290214539e-03
2.174385823309421539e-03
2.039144281297922134e-03
2.509144833311438560e-03
2.417544368654489517e-03
1.705429633148014545e-03
1.884526107460260391e-03
1.969936303794384003e-03
2.313458826392889023e-03
3.620118834078311920e-03
1.982868416234850883e-03
3.731125965714454651e-03
3.025591839104890823e-03
1.959696412086486816e-03
2.069370821118354797e-03
2.289257012307643890e-03
2.223150804638862610e-03
2.757450332865118980e-03
2.254116814583539963e-03
2.269075484946370125e-03
1.663892413489520550e-03
2.188539598137140274e-03
3.004560247063636780e-03
1.791592687368392944e-03
1.846941304393112659e-03
1.711483928374946117e-03
2.004288369789719582e-03
2.120483899489045143e-03
1.656639971770346165e-03
2.308474387973546982e-03
2.111933892592787743e-03
2.015074249356985092e-03
2.560656983405351639e-03
2.603638451546430588e-03
4.125089384615421295e-03
1.631471561267971992e-03
2.300696447491645813e-03
2.242598682641983032e-03
1.836710958741605282e-03
1.570615684613585472e-03
2.259137341752648354e-03
1.783948508091270924e-03
2.590030897408723831e-03
2.074887743219733238e-03
1.839270349591970444e-03
1.847500680014491081e-03
1.581364776939153671e-03
1.679146778769791126e-03
2.452846383675932884e-03
2.163499593734741211e-03
1.410332391969859600e-03
2.303343033418059349e-03
1.991387922316789627e-03
1.820545061491429806e-03
1.872636494226753712e-03
3.187710186466574669e-03
1.923826406709849834e-03
2.016043290495872498e-03
2.665373263880610466e-03
1.827900647185742855e-03
2.475396730005741119e-03
2.731890417635440826e-03
3.064355812966823578e-03
2.021946944296360016e-03
2.252819016575813293e-03
2.073681214824318886e-03
1.864563440904021263e-03
1.692356774583458900e-03
2.036506310105323792e-03
1.994888996705412865e-03
1.620472292415797710e-03
1.752967829816043377e-03
1.668649376370012760e-03
1.906448625959455967e-03
1.810806337743997574e-03
3.000179072842001915e-03
1.735658850520849228e-03
1.677595078945159912e-03
2.196733374148607254e-03
3.136517945677042007e-03
2.349919406697154045e-03
1.848834217526018620e-03
7.848175242543220520e-03
4.197914618998765945e-03
3.156013786792755127e-03
3.306106897071003914e-03
2.741227624937891960e-03
2.798103727400302887e-03
2.633175347000360489e-03
2.347412053495645523e-03
2.449826803058385849e-03
2.249145181849598885e-03
2.648413646966218948e-03
2.499649999663233757e-03
2.394692273810505867e-03
2.149364212527871132e-03
2.096357522532343864e-03
2.390941139310598373e-03
1.896869856864213943e-03
1.942451577633619308e-03
2.144171390682458878e-03
2.246566582471132278e-03
1.999254338443279266e-03
2.645699540153145790e-03
2.196914982050657272e-03
2.100155688822269440e-03
2.173147397115826607e-03
3.100210800766944885e-03
2.247416181489825249e-03
2.197226043790578842e-03
2.328281989321112633e-03
2.377694007009267807e-03
3.108726115897297859e-03
2.371791284531354904e-03
1.987959491088986397e-03
2.143748803064227104e-03
2.111948095262050629e-03
2.119629643857479095e-03
1.995172351598739624e-03
2.363726031035184860e-03
1.841144403442740440e-03
2.795557957142591476e-03
2.278712112456560135e-03
2.215522574260830879e-03
2.184612443670630455e-03
2.281402237713336945e-03
2.567697083577513695e-03
2.056027762591838837e-03
2.714900067076086998e-03
2.182209398597478867e-03
2.227459801360964775e-03
2.287028590217232704e-03
3.173808101564645767e-03
2.279363339766860008e-03
2.317477483302354813e-03
3.115161787718534470e-03
1.915461034514009953e-03
2.154547022655606270e-03
2.098340308293700218e-03
2.188830170780420303e-03
2.296360209584236145e-03
2.274631056934595108e-03
2.686751540750265121e-03
2.293053315952420235e-03
2.129267668351531029e-03
2.022339263930916786e-03
1.877634553238749504e-03
2.173524349927902222e-03
2.348028821870684624e-03
2.446345984935760498e-03
2.345325890928506851e-03
2.096454380080103874e-03
2.765086479485034943e-03
2.612655749544501305e-03
1.982215791940689087e-03
2.030353760346770287e-03
2.181312767788767815e-03
3.060000482946634293e-03
2.603540197014808655e-03
2.170040970668196678e-03
2.168589271605014801e-03
2.387379761785268784e-03
2.077144803479313850e-03
2.010089112445712090e-03
2.127888146787881851e-03
1.976547064259648323e-03
1.982378074899315834e-03
1.932619838044047356e-03
2.419275464490056038e-03
2.432005247101187706e-03
2.325834240764379501e-03
2.161366632208228111e-03
2.081432146951556206e-03
